536323971239903234
536809338766364672
536141476460507136
536848241556721665
535463053190778880
535556368552714240
535434467696189440
536760961692999680
535952893589725184
536844209982959616
536824745459998720
536439239118831617
536514538850750464
535415010361487360
536805993334571008
536844923774205952
535439290667241472
536827886926565376
536841860049043457
535472483756154880
536837309078200320
536846436537999360
535386605666979840
536839580419231745
536826643122503680
536837810805039104
535440024930902017
536733651544072192
536826824219959296
535450705134649345
536824581341073408
536833763326820352
536842936667750402
536831866721280000
535822193150537728
536822580720984064
536848139836481536
536777819204775936
536810390739755009
536127932918681602
536050365406253056
536836675226177538
536844214202400768
536834351246225408
536825996985790465
536848662135980032
536825223526756352
535391478969675776
535711053686898689
536833104280055808
536847243631149056
535482306585042944
536844329000906752
535772174053687297
535450182142672897
536842041586876416
536787694169632768
536826754770685952
536836468816498688
536835011941396481
535708968837206016
535828163402543104
536464887015567360
535241189234982912
535415869862473729
536832547062165504
535936169196810240
536830361817595905
536837509167480832
536228944299958272
535960367055118337
536825153372831744
536844922088091648
536835870897479680
536824260615237632
536223820131360769
535270217689993216
536847375802052609
535552999624826882
535942066694803456
535425236871544832
536844860058529792
535449972913614848
535966185477931010
536829324092268544
536835327584141312
536830857403961345
535818207542923265
536333336353193985
536828694107803651
535804563832315904
536835870293512192
535517405921804288
535967306799538176
536532934014926849
536825651463217152
535397927548878849
536782128109740032
536825222050365440
535986492879810560
536848962775678976
536826273667227649
536844180887449600
536666052277448704
535792764135280640
536696108823896065
536825396990607360
536825222608203776
536824746298843136
535342545283588096
