536760961692999680
536733651544072192
535818207542923265
536532934014926849
535434467696189440
535951209316642816
536810390739755009
536777819204775936
536809338766364672
535482306585042944
536832547062165504
536847375802052609
535449972913614848
535656301833895937
536127932918681602
536830979714056192
536835327584141312
536824260615237632
536844860058529792
536825996985790465
535552999624826882
535936169196810240
536831866721280000
535960367055118337
536778036180680704
535828163402543104
536845577938432000
536141476460507136
535804563832315904
536830857403961345
535708968837206016
535919972439322624
536836729190105089
535440024930902017
536696108823896065
536829324092268544
535450705134649345
536827886926565376
536805993334571008
535397927548878849
536835011941396481
536782128109740032
535241189234982912
536787694169632768
536848662135980032
536836675226177538
536844180887449600
536805431360749568
536666052277448704
535711053686898689
535986492879810560
536841860049043457
536839580419231745
535439290667241472
536826273667227649
536825223526756352
536833104280055808
535942066694803456
536333336353193985
536846436537999360
536843350281060353
535472483756154880
536824745459998720
536783143865688064
536842041586876416
535391478969675776
536050365406253056
535966185477931010
535415010361487360
535822193150537728
535926525422358528
536835870293512192
535772174053687297
535450182142672897
536826754770685952
536845700835733504
536848962775678976
535342545283588096
535967306799538176
535556368552714240
536847243631149056
536822580720984064
536425735771414528
536836468816498688
536845753394536448
536842936667750402
536826824219959296
535438499432771584
536830361817595905
536825396990607360
536825223061180416
536825651463217152
536844214202400768
536831367959420929
536835870897479680
536837309078200320
536824746298843136
536439239118831617
535721996391178242
536825848624865280
536228944299958272
536464887015567360
536836469542105088
536828694107803651
536504937401049089
535386605666979840
536825153372831744
536489596423774208
536824581341073408
536833763326820352
