536783143865688064
536837309078200320
536848962775678976
536777819204775936
536425735771414528
536825996985790465
536835011941396481
535434467696189440
536805431360749568
536842936667750402
536666052277448704
535986492879810560
535942066694803456
536830979714056192
536830857403961345
535415010361487360
535708968837206016
536822580720984064
535711053686898689
536514538850750464
535425236871544832
536826824219959296
535450705134649345
536787694169632768
535524640031256576
535415869862473729
535482306585042944
535818207542923265
536844329000906752
536733651544072192
536835327584141312
535450182142672897
535804563832315904
536696108823896065
536829324092268544
536824746298843136
536810390739755009
536824260615237632
535440024930902017
536782128109740032
536824581341073408
536825848624865280
536844860058529792
536504937401049089
536827540829384704
536828694107803651
535517405921804288
536836468816498688
535449972913614848
536825651463217152
536843350281060353
535721996391178242
536834351246225408
536825223526756352
536837509167480832
535438499432771584
536845700835733504
535936169196810240
535397927548878849
535792764135280640
536826754770685952
536826643122503680
536836729190105089
535463053190778880
536831367959420929
536825223061180416
536848662135980032
536830361817595905
535967306799538176
536050365406253056
536848241556721665
536228944299958272
536847375802052609
536760961692999680
536835870293512192
536839580419231745
536778036180680704
536127932918681602
535241189234982912
535556368552714240
535828163402543104
536846436537999360
535919972439322624
536844923774205952
536825396990607360
536844214202400768
536223820131360769
535822193150537728
536141476460507136
535270217689993216
536831867329466369
535966185477931010
536835870897479680
536825153372831744
536489596423774208
536844180887449600
535772174053687297
536831866721280000
535951209316642816
535439290667241472
535952893589725184
536825222608203776
536836469542105088
536532934014926849
536833104280055808
536833763326820352
536827886926565376
536841860049043457
536848139836481536
535926525422358528
