536830857403961345
536844209982959616
536828694107803651
536848662135980032
536810390739755009
536822580720984064
536825153372831744
536829324092268544
536777819204775936
535822193150537728
536824260615237632
535397927548878849
536844922088091648
536847375802052609
535966185477931010
536824745459998720
536835011941396481
535936169196810240
536827540829384704
535818207542923265
535952893589725184
536845577938432000
535438499432771584
536464887015567360
536848139836481536
535434467696189440
535241189234982912
536333336353193985
536805993334571008
536845753394536448
536844923774205952
535960367055118337
536830361817595905
535951209316642816
536825651463217152
536831867329466369
536805431360749568
535342545283588096
535552999624826882
536844214202400768
536830979714056192
535386605666979840
536141476460507136
536489596423774208
536825996985790465
535425236871544832
536837309078200320
536833763326820352
536809338766364672
536425735771414528
536828314783346688
535556368552714240
536323971239903234
536834351246225408
536833104280055808
536844329000906752
536847243631149056
535711053686898689
536760961692999680
535656301833895937
536835327584141312
536050365406253056
536439239118831617
536812027571109888
536666052277448704
536783143865688064
535524640031256576
536839580419231745
535804563832315904
536532934014926849
536832547062165504
535926525422358528
536514538850750464
535463053190778880
535986492879810560
535772174053687297
536844180887449600
536826273667227649
536825223061180416
536223820131360769
535708968837206016
535517405921804288
536831866721280000
535792764135280640
536836468816498688
536826824219959296
536825222608203776
536825848624865280
536824746298843136
535450182142672897
536824581341073408
536504937401049089
535415010361487360
536836675226177538
536778036180680704
536841860049043457
536837509167480832
536835870897479680
536842041586876416
536696108823896065
535415869862473729
536825223526756352
536843350281060353
536836729190105089
536846436537999360
536844860058529792
535440024930902017
536782128109740032
536787694169632768
536835870293512192
