535919972439322624
536825223526756352
536842936667750402
536805431360749568
536809338766364672
536323971239903234
536828314783346688
536824745459998720
536822580720984064
536666052277448704
535434467696189440
536845700835733504
535517405921804288
535556368552714240
536830361817595905
536835011941396481
536831867329466369
536783143865688064
536504937401049089
536826273667227649
535415869862473729
536836468816498688
536760961692999680
536826754770685952
536844329000906752
536837309078200320
536848139836481536
535449972913614848
536127932918681602
536843350281060353
536845577938432000
536837810805039104
536733651544072192
536827540829384704
535822193150537728
535439290667241472
535415010361487360
536824581341073408
536833104280055808
535926525422358528
535967306799538176
536844922088091648
536825223061180416
536787694169632768
536844923774205952
536828694107803651
536833763326820352
536050365406253056
536824260615237632
536464887015567360
536829324092268544
536825222050365440
535438499432771584
536830979714056192
536824746298843136
536844214202400768
535804563832315904
536848962775678976
536832547062165504
536848241556721665
536223820131360769
536848134681690112
536825153372831744
536826824219959296
535386605666979840
536835327584141312
536805993334571008
536842041586876416
536439239118831617
536835870897479680
536834351246225408
536825222608203776
535711053686898689
536141476460507136
535960367055118337
535241189234982912
535552999624826882
535772174053687297
536782128109740032
535818207542923265
535450705134649345
535952893589725184
536835870293512192
536839580419231745
535391478969675776
536848662135980032
536827886926565376
535482306585042944
536825848624865280
536847243631149056
536514538850750464
536836469542105088
536847375802052609
536846436537999360
535270217689993216
536836675226177538
535721996391178242
536825651463217152
536825996985790465
535425236871544832
536831367959420929
536810390739755009
536489596423774208
535951209316642816
535942066694803456
536777819204775936
536844180887449600
535397927548878849
536826643122503680
535440024930902017
