544511434840113152
580331347752914944
544406832073416704
553183420499894272
552850925510225920
553198853487611907
525012247249428482
536825153372831744
552831420197261314
544425494763302913
544439380329644032
544350565283532800
500250935885852673
499613731312005121
544300088747884544
524980579956449281
499402006146977792
524951419175309312
500359897557790720
544512514651066368
499659628645720064
529734612998955008
553219047048105985
552817293969739778
544520802339917824
524944544681705472
552816590463315968
553483707122995201
552807834434699264
500275363558064128
553136845589319680
524995375468249088
553567716414484481
499699803576881152
524993533212897281
500263680026869760
580332189155459072
553227220765130752
499698311306043392
498455001463664640
524938433262006272
553114307383541761
524977812852461568
529634428734423042
553164303650799616
553503995872808961
499345384024842240
553214783647145984
580347464907153408
553556984273072128
524981565462704129
524965786059026432
544519486498676736
581259253429702656
525018799347875841
544514883484520448
529670383629520896
544515546633355264
544393504768925697
544282005941530624
499691593985957888
552807191775043585
553464709899616257
544497307933474816
544437156505067520
524949021744713728
553235271169638400
553558824720666628
544356579098001408
553533499643547648
524956518404198400
581255457022570497
553489907524829184
524936137589411840
498251940997136384
498286918011224065
553488824656203776
552784898743099392
544518583112314880
544401577113845760
553512735192141826
499560002341044224
544316576645017600
498477164380299264
524983236712476672
553185370108878849
544412083714928640
524935791794221057
524981890567385088
498284334806495233
544518415952539649
553177321218514944
544268900351766528
544334939374641152
524922499466022913
536837810805039104
580329935601958912
553563750230683650
553163722378977282
499360784666071040
544400853298184194
499402444267212800
544279603259248640
552844311096983552
499691556652449792
544316978278592512
544482745637158912
553103832717094912
576821651490340864
524929014621032451
529733015862513664
544283374911627264
576336032809005056
544510219401703425
544302448522035202
544422134127525888
552839843999645697
499663992697417728
524970488590651395
525006356731166720
553544039241224194
544401106617786370
499463629251837952
552840155728736256
552851546384646145
524972166006464512
524947964620701696
529729911926583296
553511977478537216
580337583508570112
552847905498103808
544476808566276097
500334308867858432
529696730607271936
529727006427340801
499662393627410432
552819824007872512
553545000110538753
525027539845410816
544444539092488192
544422678119981056
524953508978909185
553160213839486976
553099685888790528
544410576894427136
553550030553243650
576429318701760512
552825211654246401
524956415589621760
529652940869738496
544449632131375104
580336394184323072
544291804057960448
544427461136502784
529722176380076032
535772174053687297
552996335319007233
576551024929992705
524959809402331137
500307001629745152
552851679905734657
553145137086607360
544492614838673408
552793759210307584
553545857304629248
576465897637949440
544309096351268864
552797638807281664
524960221694005248
544445607717261314
544346361101963265
525032520124207104
524989886483673088
499642374428307457
499553426133753857
553171056589279233
553129559173115904
544379489263042561
552825739075022848
499363921661140993
580371776619839488
544305463048015872
499688832300630016
524936456742379520
498281812821803008
552791115599192064
544274797640044544
552836854085459968
553125301090525185
524967298604359684
524983366261936130
536844860058529792
544294794139533313
499665704300191745
580332532694122497
529627707382853632
552818309050421250
544359670480379905
580358227713458176
577277669588537344
524939378552864768
524923148576518144
553570681619640320
500072334578159616
524971492820647936
580326370640818176
552815122897727488
498285556502372352
500411055315910656
499388619425980416
553589914684895232
500284377490665472
552821977061556225
553152208691539968
499388398529175552
499362949166030848
524964564018790400
544351356824604673
553213326277500929
552980760500916225
544428943080951808
524949028728221698
500286293688193024
552808776492130304
552800045096259584
498293668655423488
553589051044151296
525033443076628480
544334394912014336
498322865843109888
500282606316158976
500324836355608576
553176753297162240
552797828977029120
553213740137467907
544505129810944001
529663474079920128
500224586064343040
500397058541379584
552823108537954306
499690835059814400
553480287045554176
499427218171248641
581287562947395584
524925987239120897
552789583260577792
500358526804316160
524979925343014912
544287796719288321
544275597464444929
552822043490938881
553560769246539776
500391462073532416
498483784296448000
536837309078200320
524945170777645059
553588760060125185
544511783940403201
544384349395628033
498272364560257025
499598945417703424
544331918506872832
544305859904286720
544372465078505472
576326555246415872
544305540286148609
552847488571678720
552825473160736768
553591317478264832
553514329166061568
553480257747963905
553486796534054912
552801894092275712
553106869615472640
580326978546495488
580347068457308160
525033697045925888
544280617160949760
524956383318650880
553562569169199104
553172900270727169
529716182438653952
553562446456422402
552787544837197824
544494787168972800
524954630279925760
499622667142844416
544277336422486016
576387464924819456
524961589406216192
553196453938855937
553540934118694912
553100996855885824
524932935137628160
544411561205301248
499567797064957952
553569333150896129
500287479015292928
553471193110421504
544508900595499009
499651344622694400
552808071387701248
553505458162782208
553229808260632578
552817151112142848
552823186966855680
529738730748534786
525038296921960449
544427042616254465
544429514525507585
553230256992423936
552793409438904321
553148984509100032
544332613532811264
499584606878715905
524995620088864768
500251535943942145
500301870145880064
544446269968908289
544332510440595456
500347379938492416
553480900869361664
544519140552507392
553471987411324929
544483404528775168
553502180666531840
576321916593659904
580326045238333441
500422971320963072
552844767281688577
499662307560263680
525068253341970432
525017500061536258
553588494661337089
553591475830009857
544404072179060736
500396175753633792
524941119403335681
536489596423774208
552805450350362625
552978030935941120
580885187837325312
553152675014246400
553226143307161600
500221671245377537
524994218964815873
524979668282519552
529731453865955328
580357537083576321
552822566726164481
524974900017373184
529637505981624320
499658267493019651
529738126026358784
544444409769512960
536127932918681602
552849157694947328
553164985460068352
499703128540061699
524945225253675008
544373504419069952
552787231468191744
552790598823186432
499692788993511424
544282355989753857
544380742076088320
524926301678096384
553133704881917952
524983581983375360
552799062421164032
552814845016694786
553114158989074432
525041399344168961
544306118273794048
553108804934856704
500277472068263937
552792544132997121
499635302764662784
524958383468978176
524956731638841344
544277117039837184
544443154964152320
500319675797209088
576824525339402240
553180005514366976
553219770053443585
500377145349521411
580330362070540288
553214612569456640
553227856046596097
544280399044960256
529643568873230337
553143987377561600
552826724774592512
499554248292458499
553479280014151681
500186504279625728
552982124274647042
552789521646247936
498602787614511104
580377378226049024
544503217107648513
553174713061892097
580324027715063808
544436172999495680
552836775191019520
499696948296028160
552787144373460992
525046432085327872
500300813835988992
500378522398244865
524950404283772930
498271954185379840
552851629624803328
544286686142685184
553553813542797312
580318938996740096
524976929703997441
553528740618436610
552806932176977920
500363097698086912
544404673357021184
580322782392762368
544350803125735424
500298981558063107
500364921607974913
552802099331735552
524991844292521984
536733651544072192
544495167836016640
498466570675716096
553101858013581313
580346824269103105
552784600502915072
544401374675341312
524967231902318592
500288971197263873
525047349757100034
525070461936222208
544371668131393537
500360978387976192
544298354029506560
525067419635576834
524934381828603904
544327577406410752
553224082213601280
552838171323817984
553586978017775616
552829622128500736
576866204339609602
544320179560525824
581437061363675136
552810805243412481
544356724871036928
500402908740210688
552981889619722241
553174607604482048
535556368552714240
535919972439322624
500308076004929537
525040509937795072
552802128688078848
553578191391301633
580351604831846400
524953918166794240
544344684685189120
544284859628523521
525046462460477440
544456216907636736
553234456522522624
500277526590423041
576509083152457728
498254540870017025
580331561398108160
524958599433691136
521595221155774464
577258317942149120
544387390752567297
524976857822011394
544319832486064128
498512372584415232
553151749008424960
524932635177795585
524951625556066304
544494408515608576
544392801836728321
576510163596795906
553579715014172673
580330721719508992
552834229722038273
544402024524038144
552851847581413377
553105460887572480
544389493273276416
581256908251758592
577294310573502465
576811711652450304
535936169196810240
544459882075017216
544328351939186689
553220369721483266
553201539737976833
552815575672836096
544351486956670976
500287538578587648
544434475807936512
499581469027618816
500332933098385408
553558513210105856
552835339325558785
544314234541469696
552839975843016706
553174338380517376
553581669710831617
500331134040162304
580706841769820160
553195138156343296
544294893146091520
553589372084162560
552978385572732928
553534768537939968
553174639158231041
524954586696933377
544503881527742464
553129478008758272
500372391407931392
529648547864399872
544296671950020609
552845017208061953
552792913910833152
553583376398319617
552845542536261634
544327278469988352
553099800951136256
552979466050613248
553227906449960961
580345253179342848
552824885484224513
544340943965409281
544329204314406912
544515517546254338
521310417696858112
544390903839088640
576830057496248320
544419497667751937
553588913747808256
536824745459998720
580347051927597056
552831881847533568
525032458417610752
544415318345396224
544410900854091776
544363757493702656
544293694166536192
581061914001821696
535434467696189440
525051210349289472
524940452383170560
544429467968339970
580330104846475264
552834996265054208
553206096131670016
500326267640905728
500212911856295940
553487971497041920
553205427253829632
581249720376553472
544319450569134081
499409692834021376
544469470568148992
544280707800264704
580883510103281665
535967306799538176
553170912129056770
553590891852886019
553159409476837376
576412144759136256
581064157870555136
576860068316057600
552980299769200640
500274697485824000
580353737769820160
576847727918739457
553517380995792896
500283831803326464
524964278030172160
499359735947087872
552847627319259137
553534838880608256
544287991959539713
500355259341242370
553185854165114882
552846811359350788
553526776878469121
580319458004193280
524949884143927296
500286170035523585
577309214663684097
544416582256967680
576840804834144258
498283233982025728
552792131447037952
580317556516483072
498495764486950912
580334729678966784
552811606640721921
500339512082698240
553113536625664000
553462249562832897
529740161144602624
552834461478715392
553174536028303360
581248346309922816
552837147305455616
524953391634866176
500069586063335424
499553593041903616
544385641975676929
553142344166301696
576327863802138624
553555389611274240
498264393185239040
524995776578330624
580327626419482624
525034687245582337
553219195056693249
552985611070881792
544301624814870530
553172769819852800
553589860892942337
536812027571109888
524954833648771072
544284577318318080
544287922166726657
524931110279852032
524944537618485248
524950159160250368
500368901365317633
524979279701241856
552833941930274816
553144712920834048
524951314556796929
524948790227517440
500393152444772352
576481588004933632
544512691948498944
577269239779893248
529765936199647233
544500883963518976
553169114102247424
552840728116994049
544491410439667713
553194417239363584
553098571323437056
536831867329466369
576687226979004416
544377463581581314
577273752796282881
529706188032999425
529828486975066112
553194632520421376
500370960093302784
553225809444749313
525034457086959616
553581227165642752
500264535471980544
553584868685520897
544353793270243328
552839518974660608
581386094337474560
544436330856329216
529739770524860418
580372127125131264
553228482927263744
544382740750024704
552837499937378305
552810287695659009
544513407400304640
500272350906957824
544313370892324864
552808904137408512
553480876315901953
524979756371288064
552833148128862208
552832169496694786
500296080710705152
498530904139378688
552819316702199811
553545906155712512
552830684021424128
581377529124130816
544416436374892544
524984505376182272
536822580720984064
581460720900050945
553227441712668672
552834732325879809
580337873691533313
553192366098898945
544414634308939776
544369501857263616
499427833102745600
553473369539366912
544271185903484929
580882302621843456
552823949311369216
580364493928181760
544321631976296449
524922078638903296
524949939755810817
536845577938432000
576836049151868928
544358533819420672
499488337338843137
552788886355996672
500368579875704832
553157857215262721
576249853979807745
529742159352975362
524979070288019456
552815332931665921
553588374280601600
500300944891199488
544280391226761218
544321103875694593
553195808930410496
576319105965359105
524964166936068097
553571541578174465
500164348963459072
544514538797035520
544482233038286848
580327692765151232
576453994484252673
544354175900196864
552978184413921281
552835221859483649
553473550523580416
544336408144781313
536827886926565376
552832142397296641
576815154735775744
552795693682032640
553569060882235392
544336537870434304
544374511194632192
553539778088816641
552822873773993984
544499381731622912
500265950667870209
521346721226711040
580323152103911424
580346858846822400
500176026882678784
499530130487017472
544290258951892992
524993009440403456
552820384039706624
580347364562587649
544461947882586112
544287203728556032
553586798451257344
553480702067736578
499703369108553730
576812998418939904
544410907204259840
553518053838061568
552825459546030080
524961908903149568
544295871592951808
553556643456507904
576715243948118016
529665662856495104
544316814856306688
576806702454075392
552824462958395392
553525290908262400
500171743466901505
553533607126388737
580359480782786560
544407300329709568
552833795142209536
581450117972144128
536842936667750402
500283314230419456
544489340584222720
498532911143206913
500072098178813954
552831107985858560
576323086888361984
524955385480753153
525045145079533568
500308546815131648
553212962044149761
499692099005325312
524978855531253760
544519358090084354
553500238246608896
576526802056814593
544298376851111936
524951279760867328
524933399828369409
525008469385302017
500315237375954944
535472483756154880
499358869492367360
552822739388882944
498401948585181184
544353502689251329
544443027570556928
499439571520991232
580320856905269248
553581209193050112
553156573607251968
525051365195014144
552789127792717826
529728664137904128
544355197435142145
500302577557573632
553587735613952001
553562832001048576
544434195469045761
499589336816308227
552790875492073472
580327924978569216
544301338935312384
576513091287945216
580325714567806976
500377192841609217
544489539348471808
544477404342018048
552821991850668032
498294764718915586
525060425184858112
553555705945288704
553517053110657024
552834411553886209
498457205801488385
524937542131793920
580321327845765120
525035564014526464
544512465099587584
544408293192368128
500074069354905600
552845191003250688
553218599390040065
553529334892609536
498265095559184384
580326012749221890
535656301833895937
524980504324358144
553589860880375808
524966904885428226
544345939054710785
552981531023921153
544286724831318017
500318966422589440
525025552634494976
576812336952000512
576412997662433280
499695918547861504
552825303341740032
553203041705664513
544312732443348995
576565012086579200
553115396006764544
525005886272843776
525026066944262144
553115168084074497
553189526177579008
552819064301961216
500358061698347008
535342545283588096
553137713163943936
544520932405284864
529728722963034113
544277860555710464
499412007573942272
499592320900431872
553188214522249217
580346835295997952
525044678765187072
552831705351225344
544494058287423489
553109369886633984
499564237552115712
553186670871597056
524951456362012672
553170984824733698
499366666300846081
544486187478433793
500360018928353280
524967376719466496
553517548734791680
500292202845982720
524999079127162880
544495155198181376
524943804051496961
524965165759221760
500331472277225472
529691396169809921
580331527675998208
580338165824667649
553542245966958592
524927809773649922
500295570393542657
524934004152082432
498489451954573312
576767713328144384
544370712639590400
553108170726719488
553588889084891136
499610913112989696
544330052796559360
525029232691650561
500363740311982081
524949443607412737
536844923774205952
552839103214288896
499697848737210369
553143017922912256
553561170637238272
544334554631536640
500339209715335169
553509181446443008
544313132865159169
553205691742425088
553572740125712385
552797114863198208
544511693204647936
552818685526933505
500365332351971328
552821030117711872
580333915275165696
525049831312875521
529667041142124544
524930538009006081
500283291493494784
553539252374757376
552832817089236992
544345465311879170
553192641328734208
580321925265788928
500344846612447233
524999488067633152
525029433632366592
500251242124173312
553522808417157120
524966565788520448
544439077756755969
553589720480235522
580320825351471104
552783238415265792
553547637832843264
552850725467082752
553135802495270913
524956648151191553
500217516611108864
525026715123601408
544443377643954176
529763954231607297
576330947588558849
544453564718804992
544505447911149569
544466608450580481
577298811460128768
553589869810028544
553553724548059137
553475269873643520
553474232596701184
529642612618035202
524936365427806208
581387966125248512
544388013141143552
544273050188148736
553570916907511809
553166907596365824
524974318087061504
544315864397258752
553490241445965824
544367253857525761
553215634864345088
580322332348190720
544305673287524353
553582049282768897
553533193899368448
524969137660231680
536835011941396481
499569344184340480
544519486167330817
524955102554361856
499651830951841794
500363141034020865
524938009834450945
552833527444566016
553164722380742656
498274493337702401
529733645435949056
553225402282692608
552818300041052160
535517405921804288
500308708988301312
553529941938425857
525046232209956865
553586781355278336
553201549997277185
535415010361487360
552790074166108160
544289311504355328
544284078330376192
544337761600557056
553126953268834304
552829734502297600
553582801833185280
552804408233193473
524931019745812480
580321372703985664
581386155083620352
544294890343915520
553159290987364352
553586523338440704
498499836900278272
544512664769396736
498531639472189441
576885758537109505
544421653128556544
552806056154644480
577300802294804481
552810448324943872
498300832648273920
500359508531884033
580332485030125568
580377986941206528
553196953480495105
553519375521951744
499383196451368960
529669184670941184
552792193992519680
553505371290357761
544475905926524928
581405344288608256
500366207552196608
524990163446140928
544326782334558208
536828314783346688
553555293645590528
524957647653863424
498303288295817217
552812040926941185
529655582882791424
544501464849059840
524943638812299265
499655249398075392
553176929411825664
553167429665587200
552978972963643392
499595283504701440
553214219899117568
553506091389440000
576600087066869760
500354471525109760
552819983915700224
544352188210745344
524960851493924864
544402785966772224
544519594438696961
524942802908876801
500365170796158976
553514505633017856
499690604302192640
552789252690706432
524941727753568257
499441454498852864
553527964856352769
576842803013091329
544355417900716032
552824769754976257
498318192000118784
525026973459165184
500322285916401664
524975142641086465
529664974978023425
553214700155330560
544373676842311681
580329455173967872
553499806883381249
544420963429797889
580387098039046145
580340024736116736
529739968470867968
544363222296297473
553162815402672128
524977992683237376
580333904126742528
525011747007377408
553229956830875650
544389893120856064
500328451929559041
553529101659566080
552791578893619200
544419029905985536
581300992194572288
499345023721537536
580320612155060224
580340423044018176
580333946271113216
553146691344695297
544508035113439232
524928223499784192
552811354323963904
529590474005544960
544512108885725184
580348081100734464
552801438821515264
498497371899449344
544373513407062016
544301313459101696
553213362713399297
553115341338198016
544323933634564098
552823301899575296
524978999534317568
576833924736892928
544404937380093952
525023057526947840
498274934553317376
544406931897479168
581550667753504768
552822604206460928
553165824979386368
544406902990323712
544301025079730176
500293511632388097
553535765997969408
544425928290750464
552829129356496896
553591049541914624
580322102307373056
500353227951718401
552830668607348736
552838551071911936
544352649978843136
544353552177455104
544492843499540480
500235112785924096
544511736465072128
553222038379180032
553215658784456705
500379259698176000
553169622762262529
500386978467414016
499697887434248192
580324338865430528
529755373721632768
529695483661664257
500354853680340993
553174353735872512
552847035108323329
500293872162205697
552984940900384769
524926643325132800
553546551709409280
500242061279637504
576890261382520832
553166766977740801
552851772658561028
529654486974099456
544305999994421249
500288349924782080
500397785246466048
552849797892542464
498269289812856832
524941720249978880
581257660118491136
552834481183539201
581254429996920832
500371231183745025
580364656608428032
500384777514799104
553176411541098499
524966572277129216
580320890086383616
580329796527366144
552787599031828480
524951711941922818
552834842837409793
553560429910568960
529664525768077314
529671440829005825
500385868041842688
544415156659175424
553102562665050112
580328565255852032
544487672145018880
544363391641341952
500272399867068416
500293392060780546
544438309267578880
552813590919778304
544390550497947649
499596695705894912
529695308302000128
553468593141469184
553555848794877952
552793539856588801
552816062593761280
529657139959451648
553200573387124736
552786016906383360
544373593841623040
553209341520535552
544513524438155264
499361506132508673
524940940721418240
544511865729323009
544316384273248256
498544167757570049
553524183594844160
544443259804598272
553590750701551616
544499780479893504
544333020023754752
524974786460778497
544390718253699072
529713467184676864
581303989406314496
581183387848859648
553542628097019904
580353449721655296
552808785329549313
535391478969675776
553587352086384640
552791719272775680
544333302178799617
553484365012148225
525020326816927744
500295333486657536
553569512269021184
529590949136326656
552804668951511041
553570914143854592
529776116773298176
553587861837328385
529671725865111552
524983325275197440
552845671477153793
553552825431883776
525021132022628353
544518128798294016
553489393202499584
552841287670308865
553538058440941568
580371845997682688
553139285717950465
553147341470203906
553537870431268864
499456140044824576
553583670343524352
553590427216248832
552795585095671808
500347920210989057
524991119164473344
552817391181103104
553205261847236608
552834501383290880
552986187364065281
524976486902951936
544307547390607361
499360762167848960
544388329094270976
552814974511628289
553153740925304832
544443959662358528
499699435551866880
576504635738951680
552827825603219456
553486529231089664
536827540829384704
552792988376915969
552844100224172034
529679889923076096
552849515271958528
544495737770618880
580346142183002113
553144384737525762
553555156391186432
500293830827331584
544477048048082945
581063957684850688
524961016904294400
552794995942772736
553549680538578944
524928863714168832
525012912562536448
552833483325059072
544296007589433344
544516164333080577
524964129745174528
529763844176896000
553584173420920833
498279420885360641
552850379453366272
552805596198871040
552819649599897601
552818301530025984
553163862707818496
553149880693456896
553523303453696001
544376073685712896
499361965035491329
553152395371630592
524955620538343426
553570203678683136
553503184174710784
544427133398175744
581252958446329857
553204399439642624
552842580929826816
524940030109036544
544274364288364544
576796432730071040
553177099843149824
524941272549969920
544518088117329920
580328297462140928
544462330105712640
552806462125506560
544464812621578243
553171877464920064
524927281048080385
553141732452626432
500307863894786048
553484619426062336
580320329203093504
499519439206092800
524966946467749888
544506443626741762
498507434693246977
580326473803767808
524928119955013632
552984347754897409
544293753130082305
499439795618480128
552816600995614721
552786299875520512
553155289235881984
544333764814323713
524943658748219392
525033357722550272
552820930419109888
553558108866637824
536836468816498688
552844104418091008
544457904422531072
524954105471840256
544396078125039617
524944569528750080
552833028201144320
552820533507944448
552822696195932161
524951893467234304
499701576395919360
499654313870761984
553591736598269952
552836968410021888
544475892685099008
544279262547935232
499701669437784064
500386619564650496
576516069516525568
580323815261016064
524947149134774272
580331000573476865
581286157151039488
552787878351474688
544398776236904448
500294349872062464
500231335668383744
552818799095730176
500387959468982273
524998881676107776
500315291168276480
552810138114195456
553538559609942017
544421207115051008
500189389855916032
499439550029381632
580379486732066817
553550448154910720
553113395487330304
525020733622464512
499448210789007360
525055052801515521
498269636551798784
544511263788003329
552791678881660928
553470492565602305
498294367405477888
544376532161298432
524963878904823808
580399487740297216
524952322703900672
553131566172737536
524946461621235712
553559095798931456
529541962639355904
525046443103354880
552829571750715392
552839385209917440
553559880599359488
529660296080916480
544342204576038912
524922507380670464
499674825753772033
580328708675887104
500070913836982272
498323364197699584
553590653784195072
544292342430449664
552796619104866304
499692915954704384
500292426154528770
552815712327454720
553518024272379905
544341255174356992
500279571988877312
524935085863481344
544299439087550464
553587167394791424
500302383747194880
500385585807499266
576746408184676352
581245152158728192
553469263650906112
544272134764122112
544474153646956547
525057606151602176
500336373833170945
552850599168196608
552810884029222912
544314301067304960
500296090671796224
524926472432410625
544317609718865920
580335608477982720
580352792700821504
544348632980676608
552835385043062784
552827979093385216
553103134210666497
544291965513134080
535818207542923265
544432661419155456
580350403734310912
529756814175633411
500360596995731456
553591411602640896
552814766369284097
544496262629036032
580322927679279105
553108242856177664
553536532960010240
544293177596067840
524931830173421568
499684402616864768
500363023958409216
553590811355795456
553214597055135744
552805956619628544
553555979238129664
524942851944493056
552826580741795840
552795773180858368
499706350759206912
544516240572940289
580355037504909312
552850092806258690
544306616137293824
544450135988899840
529727813239451649
553137601457426433
553145759961714688
553181899662049281
536782128109740032
498277674692149248
544374563539140608
581317224096387072
544511151900753921
552794514424102913
500361847070269441
500358258654470146
544376732649013248
576507292415320064
499702153909256193
499501246907432960
544391063742332928
499655869412286464
552846565950627840
529735608676413441
499586890837016579
544430900235075584
499699366660423680
553551435762503681
553592195786506240
525056576038518785
553472225798795264
524988555178045440
553106200242700289
525061246702587904
552807210041212928
524955159840182272
544435685864660992
552803413583360001
553469733656203264
552839167575883776
576171827086520320
500277625773121536
553161360503500801
544464731449196544
524929559909916672
552847959864274944
544520042810200064
553502749498036224
552836204283326465
580328198564651008
500279951275606017
553479401296625664
553543395017510912
525033778637721600
553145422097969152
552831230735962113
544392718601183232
500360558806568960
576819925005680640
544348695076954114
500303864495882240
524997030536830976
524931752725585921
553143179038715904
553126492579053568
552846938677059586
500287224957898752
544275733607366656
544395804190855168
544521141335764992
544521880661950464
544301786849640448
553560488056225792
552817146166652928
544414686935285760
553578566563426305
553127274829328385
498269365175721984
529698410879025153
553580959661309952
499383640267423744
544511676088066048
525044725926330368
544511558173601792
529725730603925505
544394005182963712
544510402454110208
552822812281692160
552792802309181440
544279103864860674
524944981753356288
552802098602319873
553541776854634496
524926445496197120
499673142114013186
576694748095782912
544273885437652992
500283013541163008
552843285468020736
553539631149756416
553583035820802048
498504673339666432
552836975741632514
521359863884967936
553117500410716160
498283038338711552
498488195047096320
544268186292867072
553213361350262784
499657337548701696
524934507892580352
500286805720449025
536050365406253056
580330591826128896
544515097625108480
524971124845985792
500247508195749888
544381144620216320
544519024156360704
553166152344829952
498474035668586497
544519635916169218
552833432540430337
552845255796461569
499400566397607936
552831524002103297
544290611856408576
544379143136497664
553148900811759617
552819208212717568
580882701063979008
525023610243928064
552851189675470849
552825083941879808
524929550493712384
553578348111085568
544484918567239681
500287491182579712
553506608203169792
498497395198799872
553172543470043136
552794286849536001
553174789561389056
580339510883561472
500404509592387585
529658492391813120
580352540316946432
552834754056556544
553516364879904768
580326222107951104
536228944299958272
529694805010685952
498507730395484160
524974779540197376
536848241556721665
544297950134816768
553156988356820992
552816539175763969
500404132394459136
544323450270392322
552836516775354368
524953569762766848
553551279620755458
544308490840195072
553531316797718528
580332451353985025
544435708299972608
544273563872538624
552800929519792128
525022663102963712
500288693031419904
553117623568068608
500317579060449280
544319667364708352
544293739221368832
500286460210462720
552821282447040513
524923678472286209
500260514807947264
580320964875014145
553131763468603392
553535971959275520
500353815132897280
577294068851421184
498305825341845504
524946808271671297
576874788683005952
524955388190662657
499703794805276672
544315187608973312
576573355404431360
524959332656349187
553153073481535489
576485427315535872
552811128326475776
544444148234076160
580398796124876800
525030165190303744
544291853227786240
553125364520992768
552786361758265344
552804592988479488
553591259672379392
524975552638504960
499446567229603841
552808701065953280
553212338728603648
552805853762699264
544310691600302080
544305672372772865
552845267289247744
553493510306152448
500320616428601344
553584683892871168
544416818711252992
553585862987235328
577269846259433472
500290867681587200
525019992337551360
580337440738713600
553475824369012736
552810477940932609
552807783385800705
577261281125642241
544280739290677249
544306719686656000
553190729447919616
553231516290269184
552830433688571904
580336348764065793
552810359409897472
544506678922977280
500359312447787009
552834558706847745
553587329626292224
553535829529100288
544311814649942016
553551148280729602
499601812005998592
498281886603411456
524977767688200192
552829031075553281
553537648938086403
500378223977721856
529725387400835072
529689763230797824
536841860049043457
544358564484378624
524936008870400000
544465890218369024
524954313337364480
553469523945590784
553228537084116993
552812775907422209
553098799380717568
529725420162539520
524934827909210112
544477019472289792
500286059918274561
552797058990870528
552978519328686080
552980288394231809
553578243173781505
500234112054341632
553587920398221313
544453205682556928
552830151650967552
553121522769219584
544472595140063232
544294639805923328
553591548613386241
544396587192311808
524966582544781313
580338194731962368
524992063553953792
536844209982959616
525059348574130176
544277650714677249
535711053686898689
552847427410341890
553589295525941248
552817675408523264
544273220128739329
498560433021026304
553215362058440704
544299029601861632
524974106308251648
536805993334571008
553557308937363458
553105942460760064
524950395110842369
544440498594017280
544436666661085184
544514988078280704
536836675226177538
553542337553764352
524979702940045313
552979992603533312
544407139205132288
500311153583853570
544281589749137408
580352417541287936
553226479904231424
552811533303296001
500309222635360256
499375535458643968
500360308289187840
499690323883589632
576483978363973632
524939821815721984
553199320053592067
553204017552457728
552803757864787968
553555207410700289
498483031842500608
552811438994378754
576486732864098304
580325235653799936
499507509171060736
499349294034743297
536844922088091648
499704570134941697
525036457732231169
544396816083468290
544406665223999488
553582057537146880
524957105296404480
524944178586091520
553581501422788608
525027873867198465
544508543152304128
553485866346483713
552838324977545216
553508098825261056
553582011324329984
552808242276229120
498609222020780033
525025114111635456
553465105028222976
544510827433558016
536439239118831617
553120849231089664
580351390570135552
500357713260724224
544277113683980288
544426670095368192
553147034707165185
524944881941495809
524928297986433024
553540580912156672
499621957747224576
544420067774316544
553227288859664384
553129811850559488
525063393309630464
544391471458451456
544410806167678976
553513403512532992
544350985142173697
500251503903662082
553583809602801665
524967631171117056
529637341645008896
544462918465503233
529773317889064960
544414028752121856
553224764924243969
525008613392515073
544292146342531072
499607500187250689
524948264148160513
529707148537004033
544508411178536960
552837561119686656
552836844560609281
498302254190166016
552799606833430528
498317308771987456
524947424482435073
553490160344502273
524940716733370374
544514249356484608
544383230091464704
544409519380758528
498278882244853760
524947744809418752
544403526773125120
544299916252573698
498472666802958336
524953767402553345
576524931409772544
529578734102523904
553589606307090432
544424261163569152
500286984162525184
500276114011742208
524956294395224064
524937421180653568
576175612336992257
500380282097520640
544520990538358784
525052976562712576
580335420703170561
525024181218725888
499598115888848896
553582251616010240
500316005089181697
552802654641225728
544514564407427072
536832547062165504
544518696463765505
552798891994009601
544326741674967042
580886010575257601
553187649943384064
498602798687469568
499674159916789760
524979089787330560
552984798671945728
544514127197388801
525049639016615937
521381662551474176
499368931367608320
552816288612225024
544384839906906113
580332232121933824
499667482354143232
544402012570284032
524923676484177920
552984474729062401
498498431271190528
552846625467817984
499438977774931968
553201965002653696
553200726403710976
500287815734013952
544338622422335489
499426471300329472
499691702660374528
524941529928839168
544492053900836864
529757088881573889
524955317201666048
524971386838978560
500381163866062848
499478126570004480
499693137670205440
524954262657581057
524959390332239872
525026219100995584
580372806178881537
500377191029673984
552837655105658880
552807598966059008
576480712699744257
544351969658564608
500277808883830784
580365368805486592
553116528074575872
524967620588896256
552801958428700672
524937243518312448
544516381031792642
576508971923693568
552815682241691648
553229177055219713
552831761957523456
552829386773516290
576736349153288192
552817965813739520
552813549291315200
580322026029654018
580324933525467136
553536269972942849
544350087020019712
552830862585503746
544346261365600257
544389259491172353
552821570423771136
544419162001383424
581409613913804800
498473515302260736
544410895602839552
544328894812549121
544418204508893184
525025695425380352
500278169828470784
553160909208559616
544427216516698113
544434450918932480
524957554829717504
524958250706681856
524982608716120065
544511915158810624
581107798932631552
580328000400564225
499411840733282304
553476490315431937
524985687704338432
553145130354765824
544517991086710784
529729927835557888
544381860214603776
524930678983753728
580336661206331392
552805638024077312
521375609206083584
544304298243653632
580332876081811456
553195852643442688
553477692591726592
500413956230365185
499584511710351361
552823933381394432
544520121436213248
580333881687195648
552831460236099586
544382795099799553
553235360722214912
553560219981459457
552850533523136513
553215305917665280
552846544320618496
580329937573302272
524982066564567040
544411585070911488
524959836778536961
544444021066563584
552798654495354880
581262528107384832
552849248182865920
580327058158551041
552830674357334016
553496697918468096
553590273952215040
500296692713783298
524939142485262337
553554032745525249
499381321954000896
500328758201815041
524974885362479104
524938162900967424
553543467427577858
581247332282306561
576872037089566720
498600617645199361
553589970775343104
544429185255481344
529627706057834496
524945585539776512
553566829273423872
498452658605535232
544467919003213824
553184451774402560
544446282559799296
499649872534831104
553152400832606208
524941041301225472
529653029747064832
553182889379397632
552791034447794176
524957925157384192
576531907606892544
552824456557887488
544366723067957249
553590751888961536
544409400941625344
524977076433321987
524943504192311296
544411992279093248
529687410611728384
544493536771854336
552806757672964097
524949526487265280
576470720328392704
525038096086499328
553534707108155392
553591303582523392
529655766509445122
576348679231033344
544273427075710976
500311883669585920
500366417674268673
544393766287970304
576376097824198656
553214726629781505
553475729187680258
553165231275663361
553229626756329472
553535862911541248
576552070456741888
524927789892653056
500399997113098240
529660692832739328
553587013409325058
576225987119198208
529736435780583424
544512910538838016
499376069485821952
552851838928953344
552830521340723200
544349773676179456
524956007324082177
580340476949086208
499693411503726592
529761572881985536
553124985137815552
524958498770395137
524947604690702336
553530524183326720
553190655011205120
553128245420257280
544280650455728129
553139515171557376
552807528070131712
499696525808001024
499455799723184130
544282449388519424
552815387759616000
553220054184382465
544405871703240704
544518590104621058
576417507277467648
580320995266936832
500388703114895360
524980483479076864
524928960615186432
500291116403789824
553139825008599041
529726825938030592
552801667855695873
500296158476906496
552804962158514176
553541988490825728
500277477986828288
524934142958788608
524987263835721728
529729144536723456
500180625312083968
580318020192571392
544280217104031744
580331132878618624
544367010894086145
536843350281060353
544296463027961856
500291013521334272
500358195408551936
552783745565347840
544513510450155520
544474138287812608
576477089043488769
553159773555023872
552849968546213888
553105493255000065
580323060533764097
553511279235964928
544277607723048961
552832177138696192
524933657493250048
553545782050045952
544360342995099648
553474012446478336
553538939454509056
544516427827249153
552982263907241984
552823984358977536
544517721757847552
576863192854462464
580338392782757888
499653470417199105
544374018661687296
525025463648137216
552981008518500353
552827123963281408
524991576163250176
576320540983582720
499363612260315136
500376891623079937
525039208139087872
552985339011153920
552802531672588288
500386524416856064
500407038800056321
544307040932601857
525049481679892481
553200769671761920
544281235271745537
544515446100090881
529742801274429440
544444189078208512
552804839886184448
552787144415404032
544387669766451200
552816302780579840
544470398881259520
544336736948473856
524925223226081282
553229948153262081
525040545870385153
553550301886955520
536825223526756352
552804454773567488
544517264725516288
544305018439204864
536825848624865280
580339825649291264
552837012689264640
524957974226550784
552812475134275584
498463733447163905
544492209861836800
553583847850663936
499406854615597056
500363024926900224
544359578612559872
544301609472122881
580884417343815680
553101388926840832
544394858405060608
500280176924557314
552817101057318913
524974518960652290
525009541671702528
580368417556992000
553175550231986177
553215313807163392
499381843955707904
499701114195808257
544427255439425536
552837814946394112
580331677899202560
525058825909731328
576781604821053440
552825402872590336
580319184652890113
576820722426839040
524942470472548352
500376174095511552
525040097272819712
500299227969646592
553548404102414337
499590048313262080
524988027425554432
524995166953033729
544487291465392128
552978435090681856
552848013778251777
553490358748061696
553222727700865025
576452724281102336
544360928603799552
498524570593140736
552817061203050496
529730384989544449
552837016350912512
552983003308515328
581299354431987712
553559793940447234
544467822168920064
553544419602104320
552981833189969921
525002243100401664
498274948772024321
544378232624410624
544478625383608320
499703651079045121
553212333867012096
552982635178635265
552805209424941058
544383649131806722
552980632432050177
552841157785694208
499484255869612034
544466920880492544
552787361437057024
552808282398924800
552804328319504384
553540381187780609
535241189234982912
553463773844238337
544430771688439808
500213598149672960
499704416937975809
529627936622931968
553224402012078081
524973920722878464
544289448150986752
552812098057936896
581264214809022464
552984511051751425
500239577387659265
553497508970631168
580351758213447680
580361142666563584
553198972287082497
535986492879810560
499689757652566016
553531343834202112
499703033174179840
524993166651318273
524987184836005889
544285508441231361
525057374965739520
544293783702364162
524964223185850368
552835794646212608
544268732046913536
524950428598153216
544446828654366720
524948703850029056
499693808515182592
525012689568161792
544364000897945600
552814770542628865
552825783337897984
553534934447824896
553509591888441344
544355845489065984
544315472075042818
525009850104037376
552842837516386304
524969483317026816
577303162765250560
500426667446513666
544518859290464256
553505858811080704
552835301547442176
544519021702311936
544296985910861824
544385829180035072
544377700677615616
580330454869512192
552821069036670976
525028171549523971
529733937170771969
500318980007948288
553175714128990208
544512676643500033
529731332717678593
500308900957405185
576528880208637952
553542417673367552
580327625626927104
499700279412281345
524993612279336960
498274692873351170
581063753837481984
544400809182523392
499703156889362432
553568095978401793
552798200990806016
525001895631654912
552814280471367680
500270055540916224
500408829696544768
499697194325114881
553116149333114880
544443739800731648
544463701030354944
577301342617673729
524976835881205760
544521948924248066
529773194027073537
499357289363431425
544458445764968448
552826060455550976
552829971631472640
553189024941481985
544334612718055424
500378874656854016
524943812339437569
524976773671292928
544471218951581696
536777819204775936
580328783619579904
525044004287971329
500236774103605248
544377870554898432
524968564306882560
553106714682462209
552826581916594178
499517463457849345
553109813807575040
500405877460193280
500310127896199168
544517500118249472
498616975850225664
544318880001560576
529778109290012673
499706059691663360
552805488631758849
544446973667860480
552838287929663489
544440724192628736
552838440103198720
500240534481666049
499705545583263744
552804763461775360
576406521833086976
500361647144574976
552978376424964097
553141935482093568
544395613043818496
580331706860871680
553587546614427649
524935731148775424
500409565473943553
498277197581664256
553195827397926912
553587278564823041
524938146119966720
536836469542105088
553533859032477696
544325896661114881
553202028575731713
524960814944747520
552815293349650433
525016983646244865
544312065637097472
500264892134207493
525052526593601537
576821399983026177
552788555584765952
524957517294886912
498310720350863362
553587303172833280
553205492458475520
498291267756130305
580333314415919104
544338575240609792
498287166909579264
524961513006964736
544359422726664192
525021050627973120
524985325190656000
544332254068350978
580325486477357056
544519284740079616
580370249712697344
553104539898089472
552838341843226624
576321889276207105
499386181310619649
544340091615715329
576723588952276992
535438499432771584
524987432656453632
544352727971954690
524937114539282433
500395231305826306
553516197283893248
544401675789033473
576777148217843712
580333909008871424
580331071457333248
544317438079139841
552845868932800512
524953840127574016
499364002318020608
500287295485128704
544275138712469504
552789196906459136
553591653647138816
524931913426157568
499689349420568577
553186739326812161
553501773517033472
524994965366382593
553589419933196288
544307417677189121
544454229960974336
553160244847984640
552846463467024384
529652829536141314
553211397782654976
536845700835733504
553589880245481472
500325111497777152
552817205982019584
498349598197702656
499554114024771584
553590961486696448
529702197916090370
524929796862918656
544467710923395073
498308585227431936
524983050187579393
529818929607475201
500327581514993665
544424775939293184
580337418550775808
544439521236893696
544282250503012352
581290271997968384
500430445830365184
524944610985263104
553131791553667072
553184390260338688
529745609969131522
525030117014507523
552832784046108672
524936931059056640
498316826988642304
580353540725452800
553547270264979456
499389815268573187
499397048878501888
524970966842376192
552819936343883776
535804563832315904
544307776135364608
580359809041604608
524964989975937024
544511130249744384
553160898399834112
553227238829981698
553517080637489154
544280397472088064
544479045149130753
553586860334010368
576471501081292800
552822718115373057
536830979714056192
544309497041133568
553109319764291584
552846353416867841
535270217689993216
544391790615605249
544425492971941888
524970731202166784
553496489641902080
499362269269336064
544287499397242880
525030696738652160
524950507023245313
553233130275221504
544292129972170752
536825396990607360
544483003758419969
544459726948286464
498292200955195392
500366171716067328
498341675476217856
544271815044894720
525030331775463424
553215879979085829
544366934154678272
553227258782306304
553547836517007360
525044262648676353
552816883012239360
580323456996282369
580330078682353665
544464695646617600
553135991083769856
544504183341064192
553540824768991233
544282127404388353
544310853613281281
553545386082979841
544296373466562560
500409399865651201
544283745939767296
544388658334146561
552791332935434242
553587816048099328
498602841335169024
553188225691684864
552821287933202435
524982954880413696
529702439164067840
544369574842347520
524973444946202624
544516478821613569
536836729190105089
544281591833317377
552801880812691456
553188115033387008
553145736045801472
553157744061325312
529724755906400256
553489837542899712
552800223496790018
553478014785187840
580355581254471680
544334477011349505
499660771857809409
580347360959717376
521367917322338304
552815017402589184
544382892378714113
500314788610985984
553492417023057920
498267673789472768
544459886365376515
500419556629041152
499490314718310400
525071638464049152
498275621651636224
553543939517874176
580699825030754304
553541838494515200
525024066152169473
524987990524047361
529664568772292610
552839416620658688
498313143530303488
552836100814032896
553203538579701760
580318717860532224
498494758814109696
499698964925796352
553189490521812992
553519997956669440
525036180379676673
500396366829735936
536845753394536448
552786818853113857
544301900682629121
580359057825009664
500402804910206976
524933534692442112
544520273718812672
553185716218650624
553180236591169536
553587708367765504
552824126659104771
552818368487911425
544321311250468865
544279950929321984
580335398683058176
524961721744900097
553118198741356544
544519622389956609
577297951325876224
552795050502270976
581274406804025344
524960247518330881
524948866773184512
536760961692999680
525021697003782145
552829395690201088
500278485001457664
500350460122136576
553196571194851328
499565555645685760
553532507623546881
544320939245043712
553151201253294080
553589055116836864
500305514447003649
529735459069788161
552791196247269378
553583059761897473
544519694401941504
577308426902056960
544452969702236161
524927288077746176
553146248652681217
552827349667176448
552834808121163776
524952883343925249
544307161589772290
576842966964117504
553567076728963073
552807658869493760
524969501704855552
552826238407294977
500180740127342592
544278913883447298
576530892119793664
553562348376850433
500284871541940225
544437375003131904
553230614712033283
544458558432350208
524960580944560128
535951209316642816
544282393801007104
544442676410867712
580322005280493568
529723807591038977
544277852968210432
544389911630340096
580343473607438336
544273459199893505
552839936521830401
544293261506928640
552820025409941506
576859807388418050
500277311652913152
544328059482939392
552982613288157184
524986820850106370
544286537299787777
580347290633838592
544290967369428992
525023912221212672
544508313220567041
544519788752818176
524969144832491520
529652689471569920
553551598954491904
580320161082830848
552822450824962048
529712119391199232
544306732475105283
553193480319942656
580338546856235009
544415105358643200
524923610851729408
499525020708634625
544500288183607296
552848620375261184
498302874531553280
525022700923019264
500280658665537537
524979946218061824
553470907629707266
552823014866563072
529681320965079041
553230661012975618
580337826279124992
525006847095615489
499642704687816706
553132714446950400
552838559393013760
552821437678223361
552818870281850881
553225828625297408
552847548776742914
553531802347122689
524943886553468929
525041091507388416
553542565593878528
499363323335680000
499387985096237056
524946179390701568
500366333461422080
536835327584141312
552838203078873089
552831101312303104
553508524320653312
500335761615355906
580332109782466561
553486439129038848
524978196589334529
553104503520890880
524945095322513408
552840805678084096
499576743967993856
499648409767538688
500070108099002368
544475686740967424
553136237083889664
552831266945794048
529705050453835776
500375839498723328
525003253185277952
544495240640757760
552830864187727876
500375545918803970
553096753898323968
500283877567770624
500255282757632000
529689679411810304
544426163964096513
499649230181388289
552837027616804864
524961561677680640
553136990787342336
553108153915944961
553151980928262144
544366894107480064
552986374765563904
500339591392817152
553585504093224962
500328583194509315
544308156625481728
553587542067773440
544444661859749890
529700937053773824
553551286793416704
552815443959091200
552829082388660224
529679359301648384
499369948943495168
552790838015979520
553225701701066752
524957978806743040
576772770220113920
580320684305416192
500360889347096576
544348392944463872
500353295903637504
524959778125385728
580319999887347712
529647809243648001
552845250268766209
524958741259886592
524940077978640384
500280477920796672
544357264333615104
553479315711864832
553145859089920000
524976980799000578
552846874432909312
524935146806738944
553131713376047104
576857359533789184
553121732387946496
544343410849886209
544272701108797440
524955083297931264
553558611306090496
499698828845780993
552837599304622080
580341214098137089
499706065769201666
499696744155062272
553585838056280064
553144428584398850
553586246883475456
553481963864993792
552807874192482305
499700906384842752
544276027644850176
552799317602615297
581359544682614784
552810032765497345
544312876245057536
498271531386953728
499408845127819265
580319116302647297
498510381774819330
552817345887207425
552830781656428544
500320235841265665
524930400272265216
580331981130498048
553532980871053312
524949628689461249
529723708207030274
498262106937237504
499362441697193985
500314545345552384
553592081483321346
553153190859141120
553196263064498176
529627432996044801
553175451506855936
499700838127120386
536826824219959296
500390232756617216
529688713253494785
544339368823894019
553575803733426176
544390130682068993
536223820131360769
553476288103477249
580342519516512256
553208300607922177
553147368913506304
500315907567001600
552828474814398464
544336432609775618
500361668132892673
544384394337611776
553188974811185152
553198268436344832
553553244845522945
580332312354693120
552820575752974336
498345343629541376
553161458931236864
552792253601947648
580332903986524160
500402449501286400
581247335998431232
524947870735429632
500280847912955904
544324444773433348
576338406088687616
580337446170320896
552816933851394048
536828694107803651
544410079043551232
552837310707171328
544462825952133121
552827981069291520
552834445301256192
499674991294951424
553181586829484034
576389113319944193
524942058042449920
576769677592039424
525013278343581696
500393530960121857
536848139836481536
552806937470201856
544332610097676288
553535430788780032
498254929942028288
529691396098510848
544413195884974080
525068915068923904
498280126254428160
544301925735202816
524981513637888000
524978912145985536
576204915694964737
500071770192216065
500355828227252225
552984231748829184
544274879055675392
553553173743677440
580364889736232960
544430910511140865
553500932521336832
524938107142283264
499705599454883840
544365585417527296
553473559352606720
553207267685060608
525047104239333377
544476533302505472
552832291601674240
499636076852420608
499696550541795328
499444325646757888
536666052277448704
544336585052160001
544465862942797825
500312651797233665
552798010196107264
544354840042680320
544297331906973696
535439290667241472
525062993898635264
580346992074842112
524950584349454337
524952005157347328
524949073154301952
524940014065811456
552807536894947329
580319005703069696
544476597512699904
553099479381848064
500270284117925888
524964948683005952
525047767325220865
544310849784274945
544274585697280000
529775258698399746
498487611963744256
544329896529760256
544293021995393024
553152215050125313
553215929107382275
525045709402148864
536826643122503680
552841583251701761
544338731210399744
581258923065389056
500358977046474754
552840740007866368
544356997718900736
529646030472904704
580356429615337472
544386515171020801
552832996676730881
553491005971132416
524983146266505216
499699270883110913
553232137931849728
544433739539812353
499699779426066432
524971258996588544
576757242042703872
498320854707896321
524947196131966976
553540131756732416
576344611519614976
552978586559188992
499689919929798657
544504954334224384
544433367765110784
553572754746638337
544377046030635008
553529935789559808
553205115830951936
544285194815942657
524964457936863232
529621484130828290
498355319979143168
553537460920389633
553556060569862145
544326461952241664
544511391349354496
544420349052342272
500354773133299713
524977651476623360
524958516822671360
524952094986350592
553162401940770816
525000220371734528
580351149619953664
553528788383191040
524987851046658048
553591518619893760
581394092648710144
498290802255466498
499700209484828672
524937560276344832
500310319844298752
525033625788907520
499706791396392960
500383956362334208
553509146730176513
524935758143324160
576892395930955776
544484515742482432
529676682622664704
552808620187217920
553478289474740224
524978172110987264
553531130163773440
553538456207777792
553151700950065152
553551934251343872
544462911729455104
500285938824908801
552845136414380032
552991544731774976
500379055594946561
524950679274942464
576341809812623360
500395288335360001
524965406377664512
553548487225532416
553539504146231298
544474960602083328
500335927248429056
576815329172590592
576794158108581888
552814627399012352
544308031446872065
525040252948189186
500297243371798528
576427289111474177
552812188315172864
524939327399559170
524983599851130880
552836829234614272
552984502063337472
544470708093747202
553185404657352704
499411596255719424
500329864017498114
553591526937600001
552812399997489152
535708968837206016
524949733983657984
536844180887449600
552829046485434368
525023858831523841
536824746298843136
524949136173694976
552812140479148032
580364576560177154
553195969282867202
524987150413336576
499435341259223040
499620682502635520
498430783699554305
553570818031374336
552815712432316417
499410901033054208
553200085132009475
552807582113730560
499412661176926209
544393165101613056
524975642379816960
544517264054423552
552795566242279424
553159439457341442
552812572731527168
552826876398292992
529730550169624579
544495066258362368
524974975623892992
581273151612575746
524981945131102211
544509086998749186
525002842021445632
500326873407455233
544435030127161344
552813461953323008
576770854803107841
544416937178976256
529723023591743488
552812416485294080
553198107278987264
544271743331078144
544277817987330049
553532980896231424
552816561514635264
553553966970044416
576597020065996800
552837610897694720
553581612588605440
544453251068743681
553104721503088640
525019469983531008
580318669483413504
544518841020473345
524947416869388288
544447768354639872
544436750097973250
524943063937208320
580329747416113152
544492465185898496
524958409381384192
544462438310375425
544310222547087361
552804394727927808
576860819322880000
544398512931086336
500387844758994946
553578250186665984
499705041238765568
499704336935821314
529695367680761856
553561762466115584
524958173245870080
581274572823130112
553543319423553537
552829011983089664
553111553235361792
576362213134454785
498256407980826625
553591679341842432
499691224169590784
552801979861598208
499704226294300672
544293770926120960
553143905039159297
552837086425128961
553472437644320769
544427938372792321
552809418417790976
499605248747786240
544516530160300032
544494312206000128
544282877278814208
580885624883904512
552839972911611904
580330064384028673
499471162058231808
524998110268096513
544466903364673536
544283772569788416
536831866721280000
499611069565112320
544519480018489344
500313811195158528
498250100079341568
498504707393220608
552807027781947393
553566279953842176
544296158206894081
535386605666979840
524925553489760256
576829262927413248
544408991649251329
499588291335692288
552820156980670464
553574709669814272
552803792618799106
525027116287811584
553560480586166272
544515665319976960
544396563116589056
521360486387175424
524932056560963584
524969963850051584
553578029751226369
553583108105441281
576847722055131136
499690032601772032
500257318219837440
553497835371757568
499669671034257408
580327960638521344
524943226948820992
498529979672842241
499702088512049152
529660746645647360
553588178687655936
552831506041683970
576889864907427840
552830966411321344
553231607449276416
536835870293512192
580330986220687360
500322373359661056
553586510260629505
553591760668991488
544293716140126208
544308531684335617
552803431702749184
580352455952732160
544283714751328256
499403422278619136
552790695036321793
544406212461473792
524936872666353664
544427333969805312
498297336968515584
524938282732642305
552816689386373121
553470733180223489
500357314722156544
544296465619619840
544515215576948736
525040767317082113
553487579077550082
529655746074779648
524998906799988736
521350916872876033
529680484402749440
524932558275235840
500329800725442562
524981223291383809
544490976253726720
580332990867349504
544465934149513216
499581876668227584
553101451271352320
529720273285566464
544516079129993216
529724254183780355
525021358879936512
525037540508594176
577302850318938113
553574650450825216
553590746637668352
553197181151481857
524974566830247936
524941132237910016
524969201102901248
544365130138808321
524930293921107969
500360248767840256
552837644959621120
529702797349253121
552828872379875328
580365755750871041
553157600225677312
525048987649576960
552822076676255744
552982908865368064
552834559297867778
544284526684286976
553115926531674112
553592023392202752
552802117908697088
524924987774631936
552845711289909248
552837907174948864
525021103559696384
498452664527511553
544297827258888192
580332410853789696
581066887200694272
524923403183333376
553540478403366912
580882417117958144
553518472798683136
580327576218046464
553472557978902529
553473704060284928
525005137405018112
553588080964558849
529691342168141824
553544078768766977
536834351246225408
553184643055644674
576819219876225024
525060022569422849
553515054503821312
524959090125320193
499647059688173569
553575984054951936
500327106824245249
553566026030272512
544409517224898560
553209843939831809
544473507594113024
552799591255384065
524969415318982657
524954241547632640
500278978557804544
529746982106324992
580332832544976896
552792518870708224
580355192908095488
552796522904297472
499472596853743618
499655603405725696
580327336505176064
498489114384420865
500288581081260032
577311956048154625
499364508641808384
552807101442322432
525015193425031168
524952437137092608
580883864521818112
544426421331169280
544518337498058753
552807904597008385
535463053190778880
525050193360613376
552817759684665345
553184082277187585
580329096024047616
544291619084959744
500365059390836736
580357700791468032
553159810179661826
499556227874304000
525036393983381504
529653880196698112
544284957766463488
500384393362698241
499704658139435008
580326807704088576
500393439482368000
552811319079227393
553524086417424384
499687274326786049
552979275776032768
580336772128870400
553486601146617856
553540872986705920
553145603665186816
552820842544246784
552981694979248128
499602333404504064
499619724222038016
553584292090359808
553591980748734464
553566870750908418
553488850363101184
553542784800792577
544274934835707905
553542235661553665
544389506569220096
499705269434085376
544519396828672000
553130148107943937
552808658510561280
499638207987089408
529749285198655488
576497758862987265
500314015609147392
529660101683318785
552808461940301825
499689438092726273
544309060883845120
553232531827740672
500298091627823104
529446466541326336
553126072905383936
499703254637219841
553224215676354560
500364003734867970
544438653410639872
552841650582847488
524949339131904000
529723023184498688
552807054268956673
580699430690656256
552831974784905216
552841684485414914
524960245509287936
544278202743402496
552821810224304128
552980714610634753
544317139323473920
553110780745629696
499667557247614977
553017543330648064
525025329916948481
552801829290270720
576775762461745152
500225210667122690
525023025792835585
553119505887395840
553529796601585664
524949435886096385
544450580367024128
553138330557108224
544405761925738496
525000349648949250
499590929611640832
553496228055777280
544518647881170945
553490238979727360
524985689905967105
552813988644659200
552844643097120768
500239327004471296
544280873806610433
499366930457710592
498477676219600896
499606771246567424
553118438332571648
553216874130206721
544294402366394369
499703127193305088
524944978288852992
499362348940144640
525028734991343617
524968205690089472
544300369765859328
552827164677373952
524962748237889536
544516101556961280
552805069956329472
544449562552045568
552841477819473920
499553513471741954
525047079325155329
499412821671968769
552785391653494784
499681614549377024
524988783213547520
524969679790817280
524942149973188608
553476073703620609
581314363644121088
576770693683105792
580330560331091968
553537322218553344
524975705206304769
552836695754678273
544467299218886656
552822434639126528
500359006331092994
552789443644751872
498476761538371584
576777317474652160
544325938826076161
576772668805935104
553546679161745408
553214939838836736
529683211774083073
499705746377150464
577303343728627712
500285282650832896
524942353355005952
553143415899451393
525071809226346496
553550888770740224
500352850329751552
498284302128668672
552805175874686977
499404849835175938
552841049467400192
500352655827279874
525069189447704576
500403838877462528
536825223061180416
500284699760427009
553209232712294401
544381485591982083
544391323214573568
499697498072420352
580350000074457088
552804810463117312
524998460848611328
553592040374947840
544300178443100160
529649368656134144
544273888725577729
553461741917863936
553161912968417280
553215523602046976
499541439962185729
499405013261635584
544494652418949120
524932574909857792
552838134627860480
553537280343031808
553186555150749696
544396608704901120
581302297579425793
544412767240085504
524939347699585025
553207514222063618
552993818816299008
553098796108750848
525067386849091584
499575076468305923
553228535511650305
524968185016360960
552791831390732289
581303832895885312
553123958602862593
580349419360526336
498289596463980544
544272537341812736
500277563072475136
544391946513305600
544378468931076097
524980402495430656
524978422188376064
524945684966166528
544351015936331777
500306548841660416
580321169271877632
544301455952588801
552829217134505985
553197863971610624
529734113608359936
544306402731507712
544290780991725568
553478677359775744
525049044201377793
498287947301814274
498300897051807744
552817711617552385
529664917239250946
553501357156876290
499693751720501248
500359356589019136
553127632947396609
553128548526227456
544476492281827328
552840905213083648
498283586425200640
553544266526760960
580331913052852224
553589345186111488
529540733020405760
552838105422913538
499671635067437056
529746217098825728
544515584931528704
544427753785659393
580329219646988289
544319395619958784
552814137857036289
500359125310922753
553485654030446592
536464887015567360
553586305272389632
552823029680852992
553120696910364673
580320893668364288
525027651908800512
544361776020586496
552839800433410049
535942066694803456
500430673099104256
544400801083686912
553100279089205249
580388756043083777
552811254667288576
552982669840355329
576836412051304448
552833197084778496
553535642848989184
553218281705066496
499357077429817344
553115236992290816
544395712130449408
500289088285863936
544312118497914880
553190393370923008
524924619812511746
500359983301939200
544329092100005888
525008463819464704
544472530921480192
553478142791548928
524953604717686784
544316904861478912
552828400843620353
553171841913602048
524965242213007360
553588340432572416
544518044643770368
525001708318240768
500427786159681536
553470140042735616
576389199202496512
500396427378298880
524962450786226176
525028522361114625
500281856559161344
553539373707186176
499694783691239424
580317998147325952
544499931101548544
500303238810574849
525027317551079424
524982531075371008
500350777844457473
552805735885991936
580331308146118656
529726244834017280
524949887591653376
552785695845396480
553186515359379457
553561169923829760
580359081296293888
544447757860483072
524950455743291392
553181902543126529
544512398628241408
544301012492632064
580329111064686592
576443643680178176
553544566042009600
580348878370828288
553137068688543744
498311895716470784
500367267901632512
525007337724325889
553561452318322688
553158824979619840
580366761398239232
544379787246981122
553515827073261568
544380441210277888
544391789789331456
544512078518968320
552811735183552512
581302544116379648
552817769604198400
544353918315397121
524923480173981696
553542282100871168
553552293371871233
580332380436709377
553193210269298688
525029016001318913
500286058664579072
500301519854379008
500072155166814209
544288009747566592
544401573968097280
580370309884182529
544518036255150080
524949897221795840
500163501961142275
544374569016885248
500309381930844160
581132461960249344
500398901028196354
500359075045990401
500315536937324544
544288773023203328
498584409055174656
529645026452979712
544515174376701952
552811386259386370
552823829333291010
524943012602716160
499705810076053504
498300256678076417
536333336353193985
524948268355051520
498556324868009984
553209917944131585
524944006577668096
499700083265269763
536829324092268544
553135255583219712
553484530804613120
524935943925796866
500289154581008384
500298752469770240
525059810312847360
577342598592901120
499690351875981313
544520615441756162
525042177643016192
544285819108741120
525066876058361856
544470979842281472
553110609513177088
544512187171995649
544488899100147713
544415616753745920
525010084003213312
544483951524737024
553542442373619712
544317709396496384
552818868604129280
553111820786204672
500362377062547457
580329875891974145
498530946338258944
529715547538485248
553140194606469121
553098785132670976
552845840247971842
525039876366798849
536425735771414528
552847230693310466
544334623023452160
580349159569539072
498298040881782785
552956517197303810
553558385048944640
500197999205965824
576713397196210176
552827848734830592
498301902048997377
580337178506584064
580352532167311362
544305913260433408
553541676229472256
499361679197884416
529726211241803776
552978225010184193
544279776765431809
524971165056782337
525044166519451648
544274757689307136
552978476605923328
553151691512492033
499635247311781889
552831197420994560
500382265076379649
499702462865874944
524949243883425793
576850639600357376
553536603998945280
544321934410788865
500416861016580096
499682060793937921
580335545265627136
553152515701612544
553233728030650368
552813223360352256
544428261602623488
580332255693942784
521361857810939905
544309283048144897
499553298668859392
498433651835940865
500318003024494596
544340578528272385
552979571021447168
524990519777443840
544396260740845568
524957566502445056
499444395800682497
524922729485848576
499654272342953984
553566644006817792
553586421626568704
544514569339953154
500306837103968257
544520434767503361
580321844089212928
552839869387399168
581260171688718336
576435578691956736
524972443308683264
525029954908860417
524951696376487936
524977321430630400
553589285342175232
498272080564334592
552849194944167936
499494187969298432
544519245087121408
576794571448909824
500254607470518272
499438052688023552
552822696200142850
535397927548878849
553544336475168769
536839580419231745
552814216550563840
498286045843435521
580322349569994752
500280304146612224
529734972249505795
499652628825899009
524942548066791424
500396027342376960
500294803402137600
576767882945789953
544417650680823808
552835109372825601
553149253363576832
553146117685522433
544515971637968898
580323946899214336
544425457471725568
544303499756855297
499379061718659073
529721745486659584
499698357397237762
552810276635291649
525024518713397249
553537380209401856
544511112654618624
498483485133516800
552848426812313600
581253085508534272
535792764135280640
552821050145513472
552831624283693056
499368426931228672
525005134624215041
536323971239903234
498272309535191041
524979548195024898
552845654637436928
500321184269881345
552808135006887937
553219651594125312
553184958958022657
553537939041701888
553216460164968449
552982828963856384
500279160795721728
553151670796820480
580324721381740544
552829306439598080
500362679039840257
536783143865688064
552794157484634112
576819222694744064
553530513580118016
553543144172969984
536778036180680704
535952893589725184
553184482241814530
524926279309860864
580336849534648320
580882341880446977
499542449753051136
544286833362747392
580337327677026304
544284599996526592
525007169956347904
576671947091779584
524986210402705408
577301582917816321
500278944881725440
552795953301045248
544287902079803392
552844436460560384
553588704913416192
544333172180537344
553123329561743361
525068387899031552
580330690807394304
524949306101743616
499650234914713600
552983656231628800
553590835850514433
552805267990413312
544500527720325120
544388092552294400
498356729634390016
552797170295144449
580322453928431617
544395106426425345
544407393451646976
524961408740380672
544440749387808768
544513339544838147
553148339160907776
525052332116312064
576346280336756737
499401831874043905
524933764330586112
529725532569886720
553542093683974144
524939362048290817
553113938091462656
544297696308518912
580330302251393024
553110339236409346
544353257175654400
580327418084364288
580342670511472640
576321776424189954
524925730053181440
552825236715208707
552788945017516032
581325197661376512
544478708741201920
544314464569675776
576833878981136384
576276947648405505
553591055833382913
553106334607228928
544281689233850370
552842761565904896
544520344976232449
500271532279877632
524927695633666049
544384662765068288
544401367540834304
544351179044425729
498277678706077696
525006853626159105
576657704933990400
544491160803106816
544421245698056194
524965701535412224
524943976902971392
498499795192143872
498292602861400064
529830319982407680
580882906014474240
544423787949600768
553493785523400704
524929497205055488
544521433473634304
498585089828478977
500254671337193474
544428082749132800
544357487911395329
552841460681572352
553163344577064960
499648712596271107
524947971679744000
581256046448111616
524937675115999232
553588946039746560
553535467065712640
552821475066281984
498248415223246848
553515399438811136
553582812964876288
553540739058376704
498508707244683264
553480082996879360
500417151346696192
544310166242734080
524967510563889152
499604750888083456
552802714816905216
552849865680494595
580323992843718656
552796506642591744
553581897792913408
500422447623966721
552810166744547328
552836167029514240
553476600985948160
544442448965947392
552983300730404864
498325055726559232
553543369604210689
544323086841954304
544280929154637825
499657337985323009
580364138020507649
524965775036387329
500275854434639872
529695075560071168
553107921081749504
552846287314640897
544377326122057728
498285782512050176
580321156508577792
524928878075457536
553137476135432194
553483415954411520
553105121526427649
544514782456729600
553537740588220416
552813155572006912
580336554406711297
499600140580044800
553502311872733184
552824320389435392
552848590373392384
536825222608203776
552810124776308736
580324804403818496
552837775498964992
500375440285237248
525070811439579138
553493222052605952
529654845838741504
544461661055098881
498590686065606657
544516514519343104
499531968229683200
500420356621213696
552807071054184448
552851433247477760
544332847050670080
552821862850637825
500315532382707712
500261600579043328
553127546129117184
553185825065009153
499504676250066945
524983395026497536
500370188970524672
581295858898989056
524970142719963136
544428421745741824
529738310022090752
553100922268942336
553210869010935808
498303921430204416
553194557316542465
525023642007371776
552796091255894016
544455530756841474
500360244187635712
499530401136668672
544457324211879937
544301235596054528
524989654995849216
580342401392312321
552847505763737600
536504937401049089
552983615747796994
553553202197827584
525071376084791297
580325243631321088
552831515940634624
553591093498224640
500177556768034816
553128325217275905
529710975730323457
524965723672961024
552825257707335680
552815993165467649
553529196216344576
576833011955679232
499676350064508928
499673760484433921
580328848774045696
524938137320312832
499679986727411715
499365436816105473
524975847846203393
500356642329071616
500302115458523136
553189165509394432
500165620835840000
544377502563459072
552801115516186625
498492003903356928
552838479844216833
553573365798416385
552834182905221121
553506985413713920
553581668142153729
552982443511144448
553566877956734976
529695299200360448
524955386697515008
576427952860045313
553536397731442688
498284429333524480
576475228928385024
553117857609809920
524969878823137280
544492919567417344
499660768908832771
499563566786433024
498294775649665024
553567184002502656
544384467809230848
544279945128591360
580338189904285697
544508479675711489
552829904396775425
553171989385728000
576394422813769728
544487556700598272
524976526891417600
529659390664908801
552791182670327808
500280838710247424
524935816603107328
576821792834232320
499702206455488513
544271069146656768
553176976698376192
524936075870228480
525052223030845440
536846436537999360
544410050572582912
524946753154727936
552835988540895232
552814767417876480
580339662096605184
524930671220105216
553546029212389376
580335409202348032
499407248427188224
544288135564107776
553139203320860672
499410965075886080
500282674200604672
553197212726218752
553157114156560385
524958238316298240
576402376073965568
552833236389199874
500378522788315137
500369097360953345
544515781367582720
581546828954411008
544515489016594432
500359088757555200
500278858156085248
552827029692104706
499432557906104320
581296960830881792
553124268196642816
552832232197746688
544424408027115520
552832584045330432
500284091305299968
529714770422022146
544519577733173248
498483279943962625
580380219921580032
524937594090844160
553541601482784768
524924034124107776
553554351633858560
552789886202175490
525036214286815232
524970851675176960
544392353717317632
500315984910372864
544343367279456256
552826524467216385
524935345998422016
553548440563908611
524924225463668738
525067500447612929
553223882128490496
544363471660277760
553546967281061888
498263598062661633
499401478235099137
544429942323167233
552817490263572480
544341194822520832
552807328287064065
500327120770301952
498265555833720832
552839028350136320
500296369224310784
524955251464736768
552844893148938240
581411131547320321
529727794826457089
576231309254721536
552841043423805440
524959630158725120
524963649455407105
499691814358888448
553136604882014208
500368969854103552
552812847651377153
553501469388058626
580333728762896384
553112230292496384
544330542871633920
553218083410952192
580330740086243328
552801724898226176
524984209505812480
524966770428243968
552818988468944897
553558982476828674
552836586191474689
576853097445752832
544294692456628224
544272155144646656
500278365031370752
553127899033640960
529714629745082369
553188382403477505
544388259359387648
498259903962570752
535450182142672897
553118212813246464
544415816851021824
524937968138878976
580337831253581824
552826443965927425
553547629963911170
544329935943237632
576866204360581120
580334678340558849
544423869981802496
553498106588049408
552825753264717824
529749273211330562
500277940253634561
580331255570530304
553546063752478722
500431179925823489
525058976376193024
544503425082613761
536830857403961345
553563668169125889
544403913076924417
524930851747164160
500274132756738048
580335102313500673
552845028130037760
529572620782825473
553121581187485696
552830599002857472
553587511864598529
553221319345844225
544451181754744832
552833681111658496
544301589931241472
524926698165633024
544518445870497793
580325458870460416
552813160110252032
552807236339507200
498301635756838912
544403765575839744
544499449645768706
544511811404705792
553221293298819074
544334431830286336
553112060788473856
553538304332017665
499620598994444288
552784168849907712
500296988077076480
553590721207615488
500175929902395392
552849662991151104
544513199375384576
553144448452792321
580326073776357376
553196035133440000
544316500002484226
500399181627162624
552809902956367872
544484477930467328
576855835445428225
524979133366165504
544420375224791040
553231667523883009
580319206400475136
544431559320014848
529674135098900481
552836898562265088
553493300242432000
544400775775289344
499705915227271168
553153731471364096
499514668814467072
499431474731683841
552816233796894720
524929769469538305
580882121222434816
524980166289002496
544436279442546688
499432169836531712
576378113711558656
553186577850335232
576407819353780224
544282227035869184
553144928721973248
552792271243210754
580352273001410560
499571347375136768
552825844755083265
500359673334493185
524991067675189250
500266977814790144
500328049058279424
544491151118860289
553125384246804480
553531781690163201
529727601280307201
524939818347028480
524987107081977856
500070716650565632
499478732315566080
529723420993683457
498473263862149120
553556728651210753
499612545909415938
576641067317096448
553484760233017344
552819569103220736
576548875072335872
552833942777511937
524952407625957376
552825512708808704
500176071476936704
524965026256662528
524948554344054785
553157600704204800
553209983845023745
524961070465945600
544401468875616257
544461231549992962
553571432475951105
524991452527722496
552821810572439553
499568802267672576
524947030616313856
500286865963245568
552812951208722432
500291056445845504
576592351776346112
553145755079569408
553236009081921536
529734565599121410
524935216134369281
500290977798836225
580333763512705025
544444261027299328
525027958835408896
525056022046851074
553492305521672192
553145830761594880
524945197705461763
544350712365207552
525031610136014848
552827819521085441
500287857727377408
499408988422037505
552985389523148802
524966328734863360
552837484221300736
544278335455776769
499700579527299073
544289880805605376
544292798887784449
499520839860367360
553535227214438400
529720675272249344
544520379176599552
499345604297121792
580329560350183424
552837190360006657
544281012708970497
552985973445783552
535926525422358528
552816932643405824
576494415851626496
580364236330762240
524991470416461824
525072912957452289
552812623658762240
553586393189212161
552820331204055041
521358118597689344
553551282967830528
500290464621559808
524943721302089728
499695682476060673
529674474019651584
524941124893700096
552839190921351168
581153923987206146
576382704700256256
544300361360498688
500382853147164672
553124783043649537
553133048611753984
544300674448887809
544452299641192448
544307589245587457
500336040440516608
525050632211021825
552838203276021760
544516940367413248
524925124303396864
544298121379852289
576716016908136448
553582206019723264
553178273895956480
524955557686284288
552846886626164736
498294815579467777
544277728930062336
544378769952505856
552824705703763969
544307028815253504
536826754770685952
544495359800930304
552826270866616320
535449972913614848
544460097146331136
553157352091025408
524925600318754816
524990180034609152
500292806175236096
544352874969698305
576347888168644609
535524640031256576
581357303405813760
553141087725170688
525061787860103169
524942687003484161
576357849204412416
581315281630318593
580344006682505216
499672226887897089
499696733979688961
524948520605069312
525019265888702464
580334563932549120
524974135030874114
553127508150071297
553525347266740226
553579914717577216
544508725420380160
529647261689864192
544455370476109824
499602989133594624
524945101542678529
525020980037816320
580336127699087360
580337320508919808
544429350376861696
553167814941761538
524949837729787905
544300256981430272
500374427448516609
500364914796802048
552808138127446016
524946921547628545
544357935439417345
524960277348233216
552815540721291265
544284823041212416
499652797030088704
553555593034596352
500332042648055808
500308705083400193
499606278910398464
499453886474637312
552796625467621376
544496602262806528
544316684736028673
552828573896413185
500320286341099523
552806610490646528
580331843616133120
500364250461003777
524936881348558849
524967572689522688
580328132932022272
499637476315910146
553229592480481281
544309177859203073
499409455814287360
544383022876065792
553174247506706432
499424290748780546
525018288330272768
499579650926858240
499361017038905344
552798310889566209
529730804688375809
576185920094908416
552983966932688897
536810390739755009
544309956250320897
553589657695715328
524974456851410944
500426437392732161
553165418639413248
581062604988162048
577287176288776192
525019752507658240
552791159232540673
552814494381256704
553537551114706945
544416939867529216
580320945740480512
553218279557582849
552795056080691200
553475430897156096
552805619301097472
524976963862429697
544463189447294976
544494721872433152
524982699220803586
580331121180844032
552831978522021890
553538483474534400
553195806899970048
552839289919533056
524950899899113473
552842755454799872
524968293577158656
544374395540881408
553537537126694912
524980744658382848
552797148975464448
535828163402543104
524985046198157313
544287083343671296
553181997041217537
552808487924011008
544296096244441089
524944788525973505
544316046379716608
553131797379551232
553148970651107329
576790814942236672
525012738280792065
580326398620934144
552805169206157312
552814916567322624
544332519861022720
552820736490889216
536805431360749568
544329251487756288
500320316602974210
524941318389501953
544351832483450880
524926235030589440
524925033626738688
529645279159779329
552844593046097920
544448652886818816
553131557892804609
552847370489430017
525010245811466240
553169307824177152
498264107460870144
535721996391178242
544497405237161984
525039242771464193
498296205777326080
544301296099270656
500364705622671360
524968330172850177
524950339074523137
500363126294863876
525025806079504385
535966185477931010
498286202077085696
552813420136128513
499584618165567488
500073002101665792
499526002469797888
535960367055118337
524944399890124801
524951439417044992
552814213081866240
524948710812581888
500290456845299714
544480905532669952
535415869862473729
580331453889708032
500176354185187328
499678305134448641
525058633730891776
529757077200449536
525058578365698048
544294274674593792
553477352542707712
552798016646942721
580330660537192448
529652269105815553
544468997916614656
552851421155299328
544297247567917056
544517624114081793
552844023996907520
529732350402646016
544374871812472832
498267196833808384
544459137674125312
553113509152952321
553502446769942528
499362480179912705
544437117963616256
544319905076903936
529657418985525248
544520195659014145
553135886859534336
553233414145310720
553527807771308034
544266241511133186
524947071770435585
499706211093471232
524969431534153728
544519083300241408
499615655906533376
500359117132017665
553484780093050880
552805970536333314
553590459688570880
524948618776944640
576325381990535169
500359377585704961
552850282410176512
498253652755111937
552785551930454016
500210207986028544
553139573019406336
553208946350362625
553586538928676864
544306591235710976
544287252306997249
525031823504850944
552822783311630336
500299904817049600
524953017389707264
536514538850750464
544338622078410752
553180071775993857
529697032659673088
552848704819183616
536141476460507136
524959715957424128
500319801344929795
524967711492014080
500388477763325952
544411313779126272
500349179848560640
553567732126736385
553521697350234112
552980557836337152
524977285133524993
544346359948910592
500301494340419585
576349360767807488
553566200098488320
553116915325870083
544385535909715968
576732099304095744
552836095332081664
536848962775678976
580342917291708416
552786099899494400
544445364322197504
553199664720543744
553206989925658624
576338374925164544
524937574281121793
544515850963648512
544518707825750016
553591494255210497
544395562666037248
552850603714826241
524944571256434688
529654186791944192
500408607561629698
553529789794250753
552812020295532544
529722357267857408
552809042687819776
581305416795103232
553575302392455169
500072455931588611
544372177965834240
498487999848800256
498486850521423872
552813494345940992
525055273816555520
544450710926934017
524980219749597185
544281014768795649
553538939076624384
553103334626701312
553226059836297216
544324741239037952
525037656820826112
553105208008773632
500321506371850240
580321350750990336
580377478184755201
544331094523662337
576494602070441984
499385227362328576
544516739178827776
500317687239966722
553553112456499200
553148844574511104
553590522800275456
552846698524184576
524940659778920448
500316260081889282
553474188259102720
553196930768330753
544358920869789696
544269749405097984
544277516773380097
553591841996951553
500316380063748096
500297358908071936
544354657385316352
544361266718846977
524951585231994880
544520654431981568
544304742743044096
525003468659228672
553183099610095616
581261457725210624
536824260615237632
498276354434277376
553572111441465344
544384680376532992
552840606074953728
552985297307598848
524923293711998976
553555948883959809
552835209285337089
544337816298070017
529731160025612288
499364522038394880
524994747883323392
544513557912879105
544414430025371649
553495137314435072
498512590260023296
553552772277481472
544509140911919104
552832721945628672
536837509167480832
544459333983948800
580370275121938432
499511714438971392
500237448798949376
499626055251271682
529630665168281601
525055967076290560
498254340310966273
498314939359301632
500394005419409408
553210306877739008
552841006799159296
553124985900785666
552851710880653312
499696137708658688
524933380929245184
500301418406744064
544294618758520832
529726566646177794
553173501369389056
553187282295877632
500288284195426305
553587511839444994
580325043705667586
544514207933542401
500369693203378176
499702134279913472
552817785949396992
553573432554979328
553168698677030913
552850022271033344
581301262269829120
500292129802186752
544269221564137472
500277301607542785
580333028624457728
524997921042071553
544308888628387840
544379738240720896
544369229987078145
580339793122447361
498530293116968960
499346625760751616
552848653980033025
553554585634496512
500246996163129344
524936592159698944
553137946740932608
553163210715844608
576480269835845632
524964630221705216
500347114975944705
529762820108607489
580326744357515264
544367862211952641
552846893588709376
580368137796743168
553164185006534656
544439832466817024
500289307257868288
577287149516541952
552828308744699904
500362044324208640
500314823117115393
581047170637381632
524963322525798400
580328029852856320
544317474498703360
499519101644308480
553137849663361024
553181386069143552
544399927045283840
500163615555878912
552806624046641153
552837527640363010
580328582993616896
552984916070531072
552820735513612288
500364290545958912
499397804620386304
524945676443340800
525040492388823041
576238005951811584
500369479482630145
544280516821024769
544384498947719169
553180729254113280
553145690424344576
553543032642220033
552805050620604418
553563356339384322
580328617713897472
500361302238564352
553521417598550016
553588993993232384
525039686931075072
576344015458570240
544337283801829376
529732310099578880
552816497740251136
552828280806850561
524929893759737856
524937635698327553
544409432600223744
499532858399412224
529723684454666240
553126517187047424
544298346345947136
500309193526882306
524958992330522624
580353986991112192
498321666267561985
525070933556350977
544330861680664576
553096943455727617
498281104865259521
544462912644214785
544513292576641025
552819155859431424
581063377226637312
553136053112950785
524973223356940288
552979279039197186
553172609211596800
553535468290453504
553210080829906945
553466755411369985
524959027516932096
553586940856242178
553585596959318016
524926528342487041
553479222434729984
553585530504749057
544280765111218176
552838613877411840
553168792017457154
500306187624407040
544515538383564801
544353303468199936
524965077318107137
553144964168036352
552824163841638400
499691501136650240
524958743000125440
580323498905702400
580353697865187328
500347948635791360
552847218403581953
553110751238701058
553544694765215745
525007664544493569
536696108823896065
524955243185176576
500360632093646848
552829396265230336
580329206158127104
544515999161393152
525039002307424256
524928195011698688
544293291785596928
553585447235223552
553581958455123968
544387886611570688
499446112147628032
552840964025626624
524946336190586880
544443266926931968
498305851828879368
553151132949053440
553157384714342400
553491540535156736
552822465047437314
552841185199263745
580330369603366913
544369667096477696
552810855503757313
529679551631089664
544521788777304064
552818922798727168
498292317296812032
529830606210093058
500252508884070400
524947716393414656
553531695480463360
553487356733313024
553205372719472640
524925215235911680
552826992509599744
553572914923323392
498305962726273024
544357899783655424
499368533378498560
544317165965303808
552837268160135169
553487544508493825
580359405620858880
544393723099238400
544407157077467136
553582465734832128
552830459273809920
524944146025312256
524929106987991040
544366824997912576
499430225043009537
544323127522906112
544521260840267776
544282714237448192
499611719090450432
500284699546517505
552830850279424001
529722264615673856
498285405142540289
499701423135678464
553585840270876672
552811772038881280
544319274072817664
544313043463987201
553591758899412993
553107939926736896
553152831050362882
529399936434327552
499697729225105408
552800222553079809
544373839548145664
553586897168392192
552804491821854720
544497137221136384
544492984880754688
552817783910961152
524948206023880704
544295667112230912
576409244968361985
581479017770979329
500363831957135360
553563889104093184
544288799711592448
576807652145160192
552802606696136705
552827966950866945
553488054640340992
500256984768475136
552827008800280576
544428008258297856
552826150141960192
553570370192949248
498318493293772800
500406581855801345
529722288971984897
552806890498191361
553468492700454912
553111157738057728
544419416578850818
581063730319925248
552824162969210880
524930594950479873
552850116324130816
525048410831736832
580360165540642816
553201523577331712
544372384690872321
499457882144796672
552814076167213056
553163190138580992
524932292406681601
553162459885096962
544298334354411521
576709199146717185
552839270395035649
498500813845966848
529654388269535232
552795778922864640
553570659805454336
524935633463037953
544335202923737089
498280730070622209
499381917490237440
553132819237462016
498255721260400640
544284483453595648
499685593857531906
552812682626465792
499665889198088192
544391412075069440
544365039663083521
544408496918499329
525016728091500545
544288856263360512
552828658747187201
500281094239817728
544457877688430593
553590072373968897
552829580579323904
544307871853592576
553206304396038145
576515871876767744
580320267777511425
552804175310901248
553574501964079104
553503546382249984
500360095738626049
544301149348982784
524986649315667968
524933600433938432
524982907052765184
524972277406773248
536787694169632768
499695028407922689
552843136238899200
553588106587545600
499363975377993729
529679905483915264
500295393301647360
553126044375732224
499536812109742080
499699107615997952
524956129017995264
544343299138392065
500362083221786625
524981436252950528
553122359398260736
553506946054369280
500413818368184321
544384041391517697
580885455257882624
553221600955621376
536826273667227649
580336766663540736
544309275141885952
544470843997564928
529654835537518592
581318271321931776
552849585899462659
580335510280892416
544391176137089024
553491924015783936
544518803225604096
524942952733220865
544289941996326912
552848653132767232
553161401733496832
544289409294553088
581325025569030145
544447054034919424
544399649025433601
553477554041257985
525065123917221888
524950264303075328
524966596897685504
524956168754843648
544512867144192000
576780691616198656
553531413459660800
544345074960584704
544309943533600769
499702384424022016
552980862774808577
529669611030331392
524952808110694400
553103772852191233
544287209730236416
580347361039413248
544468178961592321
581295422414680065
544309113694740480
500378338582884352
544478071340806146
553480333954678784
552801954733490176
552788720236376064
552791203432103937
524950117192044544
544296772592336896
544362279006113792
524923341359300608
552834961762709505
529775890767437825
544374422056882176
536835870897479680
524934300459077632
552978099357237248
544298959993200640
544517440332627968
553222048924049408
544320992361721856
524967727266398209
544290646010261504
524941504796962816
553576010898497536
529628988683976704
553536358950916096
576530268351246337
552835854750605313
544340812448804864
500400102125879296
576755174531862529
498474263255330818
581258486861983745
552836913091330051
500382437655207936
500367591773179904
553145034720030720
524947867975561216
498491047329402880
553517713147301888
524955850591334403
499700213792387073
529670566031421440
544292910578278400
553473416905629696
524983403775799297
552814410763603968
524995812854489089
576238790936662017
553178341596233728
498286281894682624
499529014797557760
524962072262881280
553117423906590720
576448454005813248
500429525558505473
544356213837017089
