552983966932688897
552833393734721537
553126953268834304
500393439482368000
498277231253127168
576513091287945216
544514249356484608
552806077755326464
581259253429702656
529720675272249344
552794286849536001
553142344166301696
544301453717041152
553524086417424384
500370960093302784
544512465099587584
552812775907422209
544287796719288321
553126517187047424
524938282732642305
553536532960010240
552837016350912512
544428082749132800
553475430897156096
498272364560257025
525018717038854144
498313143530303488
544278335455776769
544483913830531073
544385086955589632
544463778780557312
529721745486659584
544516427827249153
544294274674593792
499517463457849345
544323127522906112
524928223499784192
544281235271745537
552815122897727488
544276027644850176
500314788610985984
580328783619579904
524952995034042368
544434475807936512
500382853147164672
525003468659228672
498310720350863362
535792764135280640
544357899783655424
552799606833430528
536824746298843136
580350403734310912
544306732475105283
544320992361721856
544326782334558208
553503909692841984
553103772852191233
529680484402749440
580333906597167104
553546551709409280
524952437137092608
552979279039197186
553548567420628992
524944571256434688
544431559320014848
553184082277187585
529691342168141824
553506337121107968
544406902990323712
544409869990633473
544288773023203328
500360248767840256
544511489869373440
525057606151602176
580388756043083777
580338392782757888
553591475830009857
544499931101548544
552839518974660608
529723684454666240
500352655827279874
544391323214573568
552794157484634112
580328000400564225
553477554041257985
576477089043488769
544305672372772865
499698366402789376
499698825020592129
536829324092268544
552845671477153793
553208946350362625
552806117328568321
529732310099578880
500072334578159616
544348632980676608
552814983797821440
500286984162525184
544520042810200064
499706211093471232
553201549997277185
553200047417196544
553481963864993792
553099050409807872
500295393301647360
553590961486696448
544313008642461697
576830057496248320
577269846259433472
500280176924557314
553195969282867202
544301624814870530
499366930457710592
499626055251271682
499408988422037505
581061914001821696
580327692765151232
500400102125879296
552789886202175490
499563566786433024
553558131369062400
552836444835037184
524979668282519552
544315187608973312
529590949136326656
544467822168920064
576813256905486336
500073277273165824
553583108105441281
524947030616313856
552833681111658496
536825651463217152
500386524416856064
500072137374171136
544293291785596928
544280077778055168
544468178961592321
500251535943942145
580329265251536896
544296985910861824
529713467184676864
552822841541144577
498286918011224065
552816062593761280
553589606307090432
536782128109740032
498300897051807744
552802011733716992
576860610400501760
553478014785187840
525033278555033601
553527964856352769
525044678765187072
544452969702236161
580324804403818496
552825402872590336
535772174053687297
544282449388519424
524943132409212928
553528503573184514
498293625420148736
553184390260338688
553542784800792577
581183387848859648
500296369224310784
544429514525507585
576464933648371712
544411561205301248
529696730607271936
500257318219837440
525017500061536258
553215658784456705
524964129745174528
525008613392515073
524938162900967424
524988027425554432
544346361101963265
500353815132897280
580353540725452800
544476492281827328
524925124303396864
552804668951511041
524966392702189569
524935633463037953
500258409988763649
553175550231986177
581386155083620352
524982066564567040
552817367995002880
580326398620934144
553106714682462209
552825844755083265
553535862911541248
524922507380670464
552807191775043585
553147341470203906
529740161144602624
544308793623207936
500421926079066112
499362348940144640
525001895631654912
553160652567498752
544406931897479168
553477352542707712
553220369721483266
576507292415320064
552979466050613248
498474035668586497
500413012822745090
544511199702822913
552831624283693056
553560219981459457
524941504796962816
524938137320312832
553099685888790528
524976835881205760
544409519380758528
500402908740210688
580326370640818176
552791182670327808
553590463354380288
553566870750908418
544520949748752384
500284091305299968
553500932521336832
553195852643442688
576892395930955776
500378338582884352
500360978387976192
552851433247477760
544377870554898432
500380708783665152
500327120770301952
499695074855624704
525048987649576960
552819474320359425
553131557892804609
525007664544493569
544296007589433344
553573365798416385
552805830677258240
544403913076924417
544273050188148736
580321327845765120
553582057537146880
552814566594576386
524947604690702336
576769677592039424
544359578612559872
544487672145018880
544467005655748608
544377700677615616
524944788525973505
524938009834450945
524986820850106370
580333728762896384
499606278910398464
553588178687655936
576171827086520320
576238790936662017
544463701030354944
499453886474637312
553226479904231424
552790565642067968
544310849784274945
525044725926330368
544514988078280704
552804592988479488
552984511051751425
553224215676354560
499699270883110913
524974975623892992
524967231902318592
499705915227271168
553162401940770816
529706188032999425
553120696910364673
552822739388882944
553204017552457728
524977651476623360
521375609206083584
535482306585042944
524977767688200192
553129559173115904
500364921607974913
525058633730891776
544484515742482432
499346625760751616
524934381828603904
499691556652449792
552827553493565441
524981945131102211
499705810076053504
524947414050816000
524974786460778497
499412007573942272
544514538797035520
524961513006964736
544459137674125312
544518128798294016
500285938824908801
553207267685060608
580332296336732160
553587920398221313
552786361758265344
500385585807499266
553155430055440384
524981436252950528
544407393451646976
524965242213007360
553110751238701058
552833028201144320
499349252938956800
552807658869493760
498311895716470784
544406212461473792
498292602861400064
498492003903356928
552839103214288896
553134790925619201
581287562947395584
580352455952732160
498287166909579264
553136990787342336
580349419360526336
552796522904297472
544295871592951808
524986210402705408
536843350281060353
552837132491186179
544450560460480512
553473416905629696
553110783761338368
499652628825899009
552801954733490176
553165538499641344
552800222553079809
552842042242789377
500316260081889282
499635247311781889
553197863971610624
580332232121933824
552816689386373121
500322373359661056
553486439129038848
499671635067437056
580333314415919104
552785375161499649
576617856919465984
544514207933542401
522286703848218624
524960814944747520
524983828000276480
529733937170771969
544316978278592512
525030963781595136
529775258698399746
524980579956449281
552797170295144449
524970097711267841
499363921661140993
544442206832963584
544497191155290112
552826876398292992
553227389061582848
552843285468020736
552820384039706624
552836775191019520
524983366261936130
524940803601227777
500281094239817728
524965406377664512
544422678119981056
524955317201666048
553476880339599360
553503184174710784
552821810572439553
544418204508893184
524947964620701696
552842983247466497
544509086998749186
499699366660423680
544382249178001408
580335102313500673
499693808515182592
553156573607251968
544471218951581696
553152675014246400
552804491821854720
524944537618485248
553105493255000065
553143987377561600
544293739221368832
544492614838673408
580353449721655296
552799640488517632
544384467809230848
524935791794221057
544350087020019712
524948264148160513
544328059482939392
499654272342953984
553498106588049408
581335535832039424
500354773133299713
552847627319259137
552980557836337152
500176071476936704
544444409769512960
553177465883873280
581387966125248512
498463733447163905
553162815402672128
580320267777511425
524941727753568257
552816288612225024
525041399344168961
544355924224532481
580329796527366144
577298811460128768
499507509171060736
500371231183745025
524995166953033729
580699430690656256
553157744061325312
552817490263572480
580330986220687360
500265950667870209
499679142766735362
552982124274647042
500334308867858432
544381485591982083
500281131057811456
524975031059632128
553558513210105856
544304200423723008
525002842021445632
499530130487017472
553200552142983168
552784600502915072
529723420268068865
500288971197263873
581303989406314496
529726825938030592
552834411553886209
500308708988301312
536830979714056192
580331308146118656
553581958455123968
552813988644659200
580347464907153408
529654388269535232
498274934553317376
544280391226761218
498401948585181184
544514782456729600
535952893589725184
552980714610634753
529654489356070912
544403765575839744
544286537299787777
499688832300630016
500231484725161984
552834996265054208
500277563072475136
552984527295873024
552806624046641153
580359809041604608
529671440829005825
498556324868009984
500285282650832896
552818821460148226
525021132022628353
553546878902861825
580368137796743168
576833924967493633
580359057825009664
552841006799159296
552836167029514240
552836095332081664
524945665827545089
544295667112230912
553137557601812480
552821977061556225
552806757672964097
525060425184858112
499647397278937088
500278858156085248
576859807388418050
524929014621032451
552836586191474689
500288284195426305
581063377226637312
500263680026869760
500186504279625728
553551598954491904
544338622078410752
552825211654246401
576857359533789184
576746408184676352
499699107615997952
500289307257868288
544356122082410496
544358564484378624
553106334607228928
544346261365600257
544410576894427136
498483485133516800
553553288625672192
544406665223999488
576832918343032832
580332451353985025
553531413459660800
525021697003782145
499699989237747712
499690351875981313
499438052688023552
499693137670205440
553098799380717568
553209232712294401
524953530193301505
580336568419921920
498498431271190528
552815712327454720
552845267289247744
553214612569456640
552829734502297600
529671725865111552
544406832073416704
524961408740380672
535450182142672897
553205492458475520
500322486362202112
553559880599359488
553151691512492033
498318493293772800
499694783691239424
553139058827096064
553546029212389376
576709199146717185
500287538578587648
553186739326812161
499660656769921025
553194417239363584
552792253601947648
552839936521830401
521350916872876033
524948866773184512
553545782050045952
500284699546517505
552790074166108160
524988712367955970
580359081296293888
552791831390732289
500378522398244865
553582049282768897
499701408904798208
553099800951136256
552983615747796994
576530892119793664
500291013521334272
529689763230797824
553230256992423936
524938146119966720
544293261506928640
544401675789033473
552823933381394432
524931019745812480
552846905819291649
552823940440403968
499655869412286464
553199664720543744
498340530770939904
544280765111218176
498530293116968960
552791115599192064
553171989385728000
580365806720122880
553195808930410496
544328351939186689
576356996145917952
499349294034743297
535711053686898689
524932558275235840
500312651797233665
500231335668383744
529700937053773824
524959836778536961
498321666267561985
552792131447037952
544407300329709568
552832019940376576
544518696463765505
500288349924782080
553588704913416192
544377326122057728
576866204360581120
544299916252573698
524969415318982657
580325090367315968
552786099899494400
553533607126388737
524947129354420225
525020980037816320
576867083331497984
544353600273518592
553571541578174465
524935769614331904
544516739178827776
576175612336992257
552820025409941506
553177321218514944
544464731449196544
525024518713397249
524996756220956672
552823029680852992
544468997916614656
524926301678096384
553475269873643520
524989886483673088
544316046379716608
553157857215262721
553532507623546881
553118384540643328
553555848794877952
499490314718310400
553230614712033283
553585504093224962
544420067774316544
553201523577331712
500363141034020865
544328894812549121
553505458162782208
552827029692104706
500315907567001600
544382892378714113
529720273285566464
576842966964117504
552817785949396992
544511915158810624
552796506642591744
544383230091464704
553169307824177152
500192488003354624
544447054034919424
524982608716120065
581252958446329857
553181586829484034
544482664515121153
500285962342367232
498285529704976385
499691702660374528
553519375521951744
499560002341044224
544520990538358784
552833941930274816
552980261512949760
544272134764122112
524983146266505216
500426667446513666
499706791396392960
580320945740480512
498253149707464704
552820575752974336
553172148085620738
552841185199263745
544336585052160001
576412144759136256
499602333404504064
544337283801829376
498355319979143168
552811772038881280
544430771688439808
500407038800056321
580335608477982720
552844023996907520
580319116302647297
544515971637968898
553551148280729602
580327197921120256
580320890086383616
500360094924931073
500320680810795009
553487544508493825
544495240640757760
580319206400475136
544307776135364608
576866204339609602
529723807591038977
553589330846183425
553153731471364096
544309283048144897
499471162058231808
581262528107384832
524981557770350592
544298334354411521
552807904597008385
553185404657352704
500385877684539393
524977992683237376
544277516773380097
544369574842347520
552840067199533057
553106200242700289
524949306101743616
552817965813739520
553196035133440000
552831101312303104
499400566397607936
576833878981136384
544436666661085184
499404849835175938
499689919929798657
524962072262881280
552792988376915969
500236774103605248
544517264054423552
553559095798931456
498524570593140736
544396816083468290
499446567229603841
524955557686284288
500287479015292928
544518033902149632
544294618758520832
552816933851394048
552804394727927808
544521260840267776
553532980871053312
553161401733496832
524979070288019456
524929550493712384
499402444267212800
500234390723915776
498507730395484160
552802515969138688
498277674692149248
524937114539282433
553148844574511104
500343812863311872
499697648866045953
524960277348233216
544366036498542592
524936793633083394
544391533240516608
500290098647547904
553555593034596352
553545857304629248
524993523746373633
552844893148938240
544361776020586496
544508666724876288
500288693031419904
577342598592901120
552791678881660928
544427753785659393
544313592477384704
552822783311630336
544350985142173697
544400775775289344
576393784835072001
544415105358643200
553098796108750848
524957429889777665
500376891623079937
553587816048099328
552801958428700672
552822887988883457
553473369539366912
576855835445428225
544455370476109824
529652829536141314
552790082533752832
498259432237969408
553159439457341442
552805209424941058
553566279953842176
553227856046596097
544416436374892544
500255282757632000
552980288394231809
499699006298419200
525039208139087872
553189526177579008
552985973445783552
544445607717261314
544405871703240704
500278045597368320
552830668607348736
544453205682556928
553588326578417664
552832738542514176
552833483325059072
580339310299340800
580336127699087360
524953017389707264
499692788993511424
544446828654366720
500280304146612224
553472437644320769
552830433688571904
529681320965079041
553555156391186432
498609222020780033
553164722380742656
544268900351766528
544512867144192000
552790838015979520
544491410439667713
553136565296582657
544284599996526592
552848961372176384
529729927835557888
500396427378298880
552797114863198208
544441034948636672
553113536625664000
524943615437848576
524958498770395137
544503217107648513
500321184269881345
580377986941206528
544284483453595648
544493536771854336
552789127792717826
553542337553764352
524951585231994880
544390130682068993
553183099610095616
544296373466562560
553531971457265664
544505447911149569
553186026811039745
524947867975561216
524942687003484161
525023610243928064
580351758213447680
553502311872733184
525034457086959616
524941124893700096
553493300242432000
536809338766364672
525050632211021825
524954833648771072
498452658605535232
544290752533393408
535425236871544832
500283314230419456
544499892010635264
552982263907241984
524976526891417600
580342519516512256
553557308937363458
552849585899462659
524977669902172160
529698410879025153
552791196247269378
524929769469538305
553159773555023872
553491540535156736
553527807771308034
544496648445890561
553588760060125185
580350000074457088
580343941825953792
544301449845305344
500417151346696192
500405384503238656
524941529928839168
580337418550775808
581394092648710144
553152515701612544
580364493928181760
500176354185187328
552837035732381696
580326111311171584
552821223676444672
499519439206092800
500363023958409216
544288799711592448
576344611519614976
553555432577708032
580334563932549120
524955620538343426
524959630158725120
544269749405097984
544415816851021824
498544167757570049
553169577228926976
576780691616198656
529723420993683457
529734972249505795
525027317551079424
524930678983753728
553587352086384640
529743499588276226
552799062421164032
544457877688430593
576389199202496512
544398776236904448
544288302254137345
553542417673367552
552826238407294977
553152831050362882
553171841913602048
544453564718804992
552792271243210754
500411055315910656
580372806178881537
552812098057936896
524924954287296512
553542245966958592
544290611856408576
500217516611108864
580325486477357056
544423787949600768
544384839906906113
524948618776944640
529692457337118721
553573633395015680
524968205690089472
529727794826457089
553177082566836225
498305851828879368
581409613913804800
553161458931236864
544410907204259840
552795050502270976
552849968546213888
552814076167213056
500406581855801345
580882701063979008
525030696738652160
499669671034257408
498486539585069056
500197999205965824
552828872379875328
524967298604359684
552810805243412481
525033778637721600
544474138287812608
525028171549523971
524964223185850368
544457324211879937
499613731312005121
524969137660231680
544305673287524353
544393165101613056
580335510280892416
500270456830562305
499432557906104320
529695308302000128
544511391349354496
500336040440516608
553187282295877632
498251940997136384
500322285916401664
552842342143905794
553189165509394432
553589880245481472
576833924736892928
544307589245587457
500316005089181697
524949243883425793
544363222296297473
524940623594287104
580885187837325312
524955102554361856
544312065637097472
544367462012432384
580327924978569216
576772770220113920
552982635178635265
544494312206000128
552819208212717568
529540733020405760
521595221155774464
576855819125432321
580355037504909312
498510381774819330
544287083343671296
524947071770435585
498500813845966848
581307361857392642
536824581341073408
500164348963459072
525008469385302017
499688532391526400
544464445787750401
499581469027618816
553535221828964352
544466903364673536
529749273211330562
524937597206790144
544511434840113152
500288581081260032
553516197283893248
544495066258362368
500163615555878912
500374427448516609
499438977774931968
524935345998422016
499357289363431425
500359377585704961
524928119955013632
576402376073965568
529724985775235072
544444261027299328
577277669588537344
536760961692999680
544433367765110784
544384680376532992
553591055833382913
581062604988162048
544511783940403201
552840155728736256
552829396265230336
553144928721973248
499602370917978112
529679905483915264
500274697485824000
552814766369284097
544396587192311808
500275363558064128
552816302780579840
553149253363576832
536824745459998720
553145137086607360
552985339011153920
552839869387399168
544388658334146561
529746982106324992
553214219899117568
576389113319944193
500287857727377408
553574522972958721
500369693203378176
553169114102247424
499663992697417728
553215929107382275
576848770136174594
553111820786204672
553541776854634496
524942851944493056
553484365012148225
525027116287811584
580322349569994752
500377906305327104
552837775498964992
552981833189969921
544320179560525824
500270055540916224
576349360767807488
544435176479027200
500282606316158976
553530558614351873
553553244845522945
580330078682353665
553558108866637824
552828400843620353
544519024156360704
580357537083576321
552790875492073472
544334939374641152
544332510440595456
544410079043551232
553132714446950400
525041601890881536
498269636551798784
576713397196210176
553537460920389633
552824320389435392
552834445301256192
500326267640905728
544333020023754752
499532858399412224
544412083714928640
553122276913471488
544436172999495680
552843349246619648
500239577387659265
552803413583360001
498473263862149120
524965723672961024
524926235030589440
580355581254471680
500287313256402945
553540355317334016
553172769819852800
498512372584415232
499696948296028160
552818799095730176
500312670260957185
553120849231089664
499463629251837952
580332532694122497
576191681827057664
544305999994421249
544520195659014145
536827540829384704
544305018439204864
576794158108581888
581286157151039488
500347948635791360
580332684905431040
552812040926941185
552846938677059586
544401599414943744
500413489882484736
552790824971677696
552807071054184448
524945197705461763
552839975843016706
552822812281692160
553590746637668352
524965701535412224
500225210667122690
544521788777304064
553126492579053568
552804839886184448
524981427260366848
552840728116994049
553225359928213505
500284494201757696
498280126254428160
524959027516932096
552849662991151104
553529941938425857
552832996676730881
525059193074487296
524949837729787905
552849157694947328
553186515359379457
499657337548701696
544448652886818816
553533499643547648
500396175753633792
553560488056225792
524952341561491459
500289154581008384
500375440285237248
544400801083686912
580337327677026304
544514474963922944
524940452383170560
499488337338843137
553554351633858560
580352540316946432
500411513727750148
553107939926736896
524924619812511746
553128548526227456
500292426154528770
499406086945136640
529667934697029632
544357563534680064
552805169206157312
544283387087691776
498267673789472768
499409455814287360
524975705206304769
544310166242734080
536825223526756352
544285296565948416
552811354323963904
580329096024047616
529725532569886720
544282015487787008
580340423044018176
552804769241526272
524981223291383809
552850379453366272
552818301530025984
544511263788003329
529778109290012673
500277625773121536
498279420885360641
524927281048080385
581404604677660673
553584366803488770
529660101683318785
576819222694744064
553232531827740672
524957872296583168
544516101556961280
524950264303075328
500302383747194880
524947744809418752
544439521236893696
580347360959717376
553185370108878849
524977321430630400
544414028752121856
553157352091025408
525027651908800512
581460720900050945
544489539348471808
553205372719472640
498433651835940865
552823186966855680
553115926531674112
544486187478433793
552791578893619200
580317556516483072
576812336952000512
553479401296625664
553560480586166272
499660771857809409
498463591767756800
544435708299972608
576836412051304448
544509140911919104
552797058990870528
552801667855695873
576508971923693568
552839972911611904
552787144373460992
529627707382853632
544348392944463872
499574200596983808
576815329172590592
553116915325870083
576524931409772544
553582039106990080
525018288330272768
553532980896231424
553145603665186816
544300361360498688
524926445496197120
552850925510225920
524994965366382593
552783667052167168
524923610851729408
544395613043818496
524932292406681601
536847375802052609
552843136238899200
544373515067998208
553181386069143552
529647261689864192
525012912562536448
552841460681572352
552848653980033025
498284302128668672
525019469983531008
524937594090844160
536439239118831617
498314939359301632
524933534692442112
544351967829839873
552824162969210880
553506091389440000
553480292498153472
499701576395919360
500359508531884033
536848134681690112
499431474731683841
544374511194632192
499690032601772032
544380899639689216
524948703850029056
535967306799538176
552837168482492416
499586890837016579
544273459199893505
544515215576948736
553543319423553537
524959809402331137
500332933098385408
553220054184382465
553159290987364352
500368579875704832
552845868932800512
544425494763302913
552802117908697088
552836913091330051
553537648938086403
553139573019406336
553589610014867456
500303238810574849
581254429996920832
553555600911925249
544279262547935232
553529789794250753
553586860334010368
553591980748734464
552817759684665345
499564237552115712
553546967281061888
552826443965927425
552832721945628672
544517991086710784
552791719272775680
500296080710705152
529757077200449536
552812811651272705
553476073703620609
553522808417157120
553539252374757376
544420375224791040
524990163446140928
552805799106732032
553155988917075968
552820533507944448
553225402282692608
576494415851626496
544359670480379905
553573875528007680
553525347266740226
544389911630340096
544358920869789696
499704780366036992
553214939838836736
524937243518312448
544519396828672000
552823949311369216
524955871689052160
553186555150749696
499706065769201666
552835339325558785
525036214286815232
544286172109758464
552834754056556544
500319801344929795
553145759961714688
552834558706847745
524935943925796866
552849316021551105
525028734991343617
499514668814467072
529646030472904704
552825664307744769
552802606696136705
544315864397258752
498268463639851008
544280707800264704
576814574873235457
576378113711558656
552830781656428544
553543395017510912
525029433632366592
581287108607811584
544428008258297856
553587511839444994
500286865963245568
576874788683005952
581296960830881792
581264214809022464
552804301316579330
552793679082311680
500382437655207936
524956449836130304
552816020403269632
544436750097973250
553215383256432640
553552493561798656
525012738280792065
576435578691956736
544314464569675776
553581209193050112
553540381187780609
524991452527722496
552831761957523456
544274797640044544
544462825952133121
524987184836005889
553531783992868864
580329875891974145
524948264886759424
544291619084959744
552996335319007233
498274692873351170
499649230181388289
552795953301045248
553505242554175489
553145034720030720
544269997745242112
553168698677030913
552796895513681920
524979152944779265
529641857513308160
529399936434327552
553591315515310081
529726656941162496
544284526684286976
499649813332639744
553579715014172673
499410965075886080
499692915954704384
500318003024494596
529671638539698178
500320235841265665
544518803225604096
544391471458451456
580335398683058176
544391946513305600
544487556700598272
553585596959318016
576767713328144384
553470733180223489
536805431360749568
576475228928385024
552807834434699264
524959778125385728
529648452511473666
544496062321664001
544284823041212416
553218001181605889
552847370489430017
553544039241224194
552818922798727168
524953391634866176
544287332061298688
553489393202499584
581299354431987712
553566644006817792
500277382461530112
524949828711620608
536831866721280000
552802531672588288
525012561214058496
544425928290750464
500266967102914560
498255816034893824
576509083152457728
544323450270392322
500331134040162304
500356642329071616
544351133120987136
580332109782466561
553589419933196288
544520888003985408
580327576218046464
552846886626164736
552826992509599744
524954313337364480
500307273659318272
580350698774241280
553509181446443008
536836469542105088
576516069516525568
500318966422589440
553487971497041920
553122359398260736
552823427862908928
500360558806568960
524950455743291392
552804454773567488
500284699760427009
552790695036321793
552993818816299008
525046232209956865
553589345186111488
500277421506306048
552812140479148032
580319968484421633
499601956491374594
544428943080951808
552847488571678720
552807328287064065
529634428734423042
524954630279925760
553198107278987264
544365585417527296
500413818368184321
544443259804598272
544316684736028673
553486529231089664
576573355404431360
577287149516541952
552814770542628865
500296090671796224
553196571194851328
524935246647926784
524942946765131776
529726211241803776
552848701312737280
544436279442546688
544519635916169218
553589469849583616
552810276635291649
500328049058279424
553573066455134208
553486601146617856
553195827397926912
544519486167330817
580331843616133120
524942548066791424
552850092806258690
553151506556653568
553195806899970048
544312732443348995
553147368913506304
498487087105314816
500357713260724224
553585862987235328
500280838710247424
498269697453084672
576694748095782912
536833763326820352
499702088512049152
552849797892542464
529688713253494785
529664593921314816
524953604717686784
552806937470201856
544401029211496449
553505858811080704
552806932176977920
544480905532669952
499583424114728961
544513407400304640
580364889736232960
524974779540197376
544449039433883650
553212702714499074
544513339544838147
529621484130828290
580338194731962368
544282227035869184
500291056445845504
499612195756728320
499424290748780546
544337761600557056
552829571750715392
544462330105712640
553552825431883776
544371668131393537
498264107460870144
524947036228317184
499697194325114881
499410901033054208
529660692832739328
552845711289909248
525025695425380352
544274934835707905
576716016908136448
544519486498676736
553484780093050880
544333236243947520
544277607723048961
553145690424344576
580319999887347712
544412767240085504
500072455931588611
553567732126736385
499704570134941697
552813461953323008
524944981753356288
544271069146656768
498276771226451968
552832142397296641
500361302238564352
553491517462315008
499456913902284800
498271531386953728
499695460358311936
553553202197827584
552795693682032640
553531316797718528
524923403183333376
580352532167311362
552815540721291265
580344171019542528
529683211774083073
525020620636307456
529648547864399872
552829096816693248
524990180034609152
553575302392455169
544279776765431809
553228482927263744
524943504192311296
553110780745629696
552978519328686080
524968330172850177
544323358327070720
499702206455488513
553591411602640896
552834808121163776
544310222547087361
499651830951841794
544504889746149377
552812847651377153
498560433021026304
544365039663083521
524953508978909185
500292806175236096
552807210041212928
552804175310901248
499437429690888192
544515489016594432
576819925005680640
544417650680823808
553234456522522624
552841043423805440
524943490887991296
544466608450580481
553146117685522433
576499275754041344
580323877429112832
553591548613386241
580329153553141760
498616975850225664
498477676219600896
544375969687953410
544416309266898944
580364656608428032
524933657493250048
544429185255481344
499478126570004480
552832584045330432
552983656231628800
544513292576641025
524946609453678593
500277301607542785
553170984824733698
524985046198157313
499622667142844416
544396260740845568
500315609171636225
544278202743402496
553540739058376704
576811711652450304
498248648699150336
576777148217843712
499529014797557760
500322242296041473
553160244847984640
498575704582148096
580326978546495488
552840740007866368
535415010361487360
500213598149672960
500379055594946561
552821991850668032
580346858846822400
499702134279913472
524935586025861121
552849248182865920
552786818853113857
525016983646244865
525031823504850944
544291853227786240
544416582256967680
524936592159698944
498497371899449344
552843236797349889
524979279701241856
553484619426062336
553229592480481281
553497730476015617
552982828963856384
552978972963643392
544301900682629121
576409244968361985
552811386259386370
580324697415360512
544518647881170945
544328324601114625
525019992337551360
552842755454799872
553483906096185345
544287499397242880
544476533302505472
553496228055777280
553511977478537216
580330454869512192
552806610490646528
553171056589279233
500299904817049600
552984474729062401
580325243631321088
524979184297590784
552829481962835969
580364576560177154
553490160344502273
580322332348190720
500298315368390657
544302827330224128
499648712596271107
544496602262806528
498235547685756928
500284871541940225
580322927679279105
524947475858472960
544516164333080577
553184958958022657
553220172925132800
544440724192628736
544496262629036032
544274879055675392
524934941914968064
524950159160250368
524979548195024898
580336661206331392
544299029601861632
524970966842376192
499446112147628032
536848962775678976
552801028262096896
576592351776346112
552822314157768704
544512398628241408
524951948337098752
529731160025612288
500328758201815041
553534768537939968
499655603405725696
552978225010184193
553182566564757504
544492465185898496
544379738240720896
581273151612575746
544488899100147713
544518337498058753
525069509342683137
544330052796559360
553531130163773440
544519021702311936
525055052801515521
524952094986350592
553161912968417280
553589860892942337
553558385048944640
553583809602801665
553540824768991233
499585144416514048
552807236339507200
544284957766463488
524925987239120897
552978099357237248
553548404102414337
500286293688193024
544427333969805312
500359323588239360
576819219876225024
552980862774808577
553205115830951936
553209917944131585
553236009081921536
544292146342531072
544291965513134080
544492984880754688
544396078125039617
524964564018790400
553156988356820992
499581876668227584
544478071340806146
553586940856242178
524965077318107137
544377046030635008
544405761925738496
553589372084162560
525031610136014848
544289880805605376
544271743331078144
499621957747224576
525069912679923712
500210207986028544
552785391653494784
544286686142685184
524950395110842369
553227258782306304
500390232756617216
553545386082979841
529648202379964416
580346992074842112
580320856561209344
553536603998945280
552835988540895232
524957974226550784
500431179925823489
553478677359775744
525032872647065600
544420432099545089
524931913426157568
544285819108741120
553214700155330560
552796863297236992
544291804057960448
552850533523136513
499657584836874240
552838203078873089
499411596255719424
521358118597689344
500420356621213696
576655512462344192
544446667312091136
544282393801007104
552814382338826240
552808620187217920
498457205801488385
544357487911395329
553174789561389056
552833148128862208
552846874432909312
544504859290906624
552822465047437314
553567716414484481
536835327584141312
498292200955195392
525006847095615489
544521880661950464
552808904137408512
552822076676255744
525051365195014144
544309113694740480
500387959468982273
499504676250066945
500277526590423041
544334623023452160
544511693204647936
544514645571420160
498290802255466498
553589285342175232
553109813807575040
553566026030272512
544503037973528577
529637341645008896
552835854750605313
552797729504886784
525006356731166720
553561452318322688
552827606715076608
499638207987089408
576341809812623360
544387390752567297
544511773223968768
499478537468792832
580346142183002113
524933764330586112
552818368487911425
553535468290453504
576770854803107841
524975847846203393
553216451780554752
524991832451981312
544287425380360193
553110609513177088
580331000573476865
499662393627410432
544508995361202176
500315984910372864
580343329096904704
552795778922864640
544298346345947136
552850022271033344
544499449645768706
524962450786226176
544270745744846848
553489837542899712
524977076433321987
529654321873715200
500360596995731456
576407819353780224
524930499790131200
553152400832606208
500072098178813954
500277472068263937
500296158476906496
552807054268956673
553542565593878528
576795865433706496
553473629854646272
552833658017824768
581318271321931776
544317609718865920
499649872534831104
524958173245870080
524935731148775424
580332990867349504
544300088747884544
552837499937378305
499600140580044800
580347364562587649
524929497205055488
499411738467794945
544353793270243328
524949315245322241
525026066944262144
544364000897945600
576821792834232320
553517713147301888
500293830827331584
580337873691533313
499472596853743618
544434195469045761
499444325646757888
552820265994829824
544396608704901120
552816233796894720
499700824432717824
544334477011349505
553200769671761920
498483784296448000
576412997662433280
524937204552843268
500309222635360256
544516079129993216
580321156508577792
552847035108323329
544280873806610433
498602841335169024
553233130275221504
544368246271406080
553135802495270913
552798654495354880
499519101644308480
552986187364065281
580362104110071808
500360684253638656
544290995462889472
553204399439642624
553174353735872512
552831978522021890
544419416578850818
553556728651210753
576777317474652160
524923148576518144
552981008518500353
499676350064508928
581247332282306561
552807528070131712
552834182905221121
553474012446478336
577309214663684097
536805993334571008
500264892134207493
524951696376487936
500250935885852673
524950899899113473
536845577938432000
553188214522249217
499583349267382273
553591679341842432
544449632131375104
500310319844298752
580330560331091968
524980483479076864
529687410611728384
500381163866062848
552783238415265792
544309177859203073
524928878075457536
553520399300833280
524940659778920448
524941318389501953
498283038338711552
552819064301961216
544298507868200961
500308546815131648
524998906799988736
524965775036387329
580380219921580032
553555979238129664
553540719714271233
552835385043062784
552838203276021760
552830151650967552
499700861900435456
544477019472289792
553483707122995201
553487356733313024
529758256596787200
524983236712476672
500314545345552384
500331472277225472
544285508441231361
500397058541379584
499366152049803264
524969144832491520
544290258951892992
500280847912955904
500308574703452160
498296205777326080
524949628689461249
521360486387175424
553181902543126529
524929796862918656
500350777844457473
536826754770685952
524976313766273025
552842236883652609
498602787614511104
524947502903345153
553466230989144064
553145755079569408
525026592788348929
529674474019651584
580320612155060224
576471501081292800
498530946338258944
553581897792913408
499590048313262080
529691396169809921
580350587289604097
553586305272389632
544486142763347969
524975552638504960
544389893120856064
544467710923395073
544319905076903936
553204986474422273
529702439164067840
544508543152304128
553172900270727169
552826581916594178
544321631976296449
529725420162539520
500367591773179904
536834351246225408
544330174351679489
499681614549377024
552801979861598208
580327418084364288
552825753264717824
524987432656453632
524944978288852992
499394946416529409
553129478008758272
544516240572940289
544515665319976960
498499795192143872
553583670343524352
552816561514635264
552836985493409792
552839289919533056
553536397731442688
544434964985421824
544293021995393024
544518590104621058
498294815579467777
553186670871597056
544419788739461121
553591317478264832
553591526937600001
524932574909857792
498590686065606657
552791034447794176
536830857403961345
553592081483321346
552817146166652928
524941119403335681
552787599031828480
552826724774592512
552984940900384769
544508479675711489
524926472432410625
524993533212897281
552837644959621120
576225987119198208
524968564306882560
544515850963648512
553592108699758592
500286460210462720
524937560276344832
529733015862513664
499556227874304000
552800290861510656
580336069192843264
524980744658382848
524962199543230464
544369229987078145
553232704708546561
524938857180303360
498512590260023296
580338546856235009
544335202923737089
500426437392732161
553588012752568321
553570370192949248
552805735885991936
552845393541988352
544356579098001408
529728291545284608
552833942777511937
544298354029506560
544395106426425345
580320329203093504
553514505633017856
524940716733370374
552848590373392384
553214597055135744
524927695633666049
576885758537109505
500303431928922113
580321844089212928
580321169271877632
544301149348982784
553148984509100032
544345939054710785
553196453938855937
553506985413713920
553591841996951553
536696108823896065
500308076004929537
581550667753504768
553229956830875650
544492919567417344
524934827909210112
524995771587108864
552788945017516032
580326222107951104
544402024524038144
553201539737976833
498487999848800256
576348679231033344
553578243173781505
576772668805935104
524954623145431041
553148970651107329
524949026064850944
500358977046474754
544374563539140608
499693411503726592
498310006169538561
499525020708634625
544334612718055424
552845654637436928
580334729678966784
552821030117711872
544366894107480064
553541676229472256
552850514132873217
544306616137293824
553181899662049281
544363471660277760
498600617645199361
580321203757387776
552805970536333314
524984209505812480
553223992300285952
552832232197746688
552821050145513472
552846353416867841
544411585070911488
500293392060780546
525047767325220865
576796432730071040
552821573946982401
553589055116836864
500308705083400193
544397240601563137
544382740750024704
553540934118694912
553553112456499200
544465934149513216
553590880352088064
544273256174198785
525060022569422849
525035564014526464
499703794805276672
552831705351225344
529771847186124800
580337320508919808
544288968624578560
500279571988877312
553583847850663936
500377191029673984
552844593046097920
524979925343014912
552850599168196608
580347361039413248
553157600225677312
580333827425439745
552850079074099201
499684402616864768
553224402012078081
529712119391199232
552805956619628544
500382073593405442
544490976253726720
544444021066563584
536845753394536448
499691593985957888
544403112656527360
553499806883381249
524969963850051584
499388619425980416
552830966411321344
552807013764575232
544411992279093248
553096943455727617
553483415954411520
521346721226711040
500378522788315137
500368969854103552
524960245509287936
544401367540834304
552820842544246784
524971386838978560
544497405237161984
524950203476869120
553206096131670016
553481076916883456
498256407980826625
544482559900393472
553485452943302656
581255457022570497
524935758143324160
544391085150457856
552822604206460928
499345604297121792
552985855854661633
553575803733426176
529679551631089664
553590522800275456
576890261382520832
524946179390701568
553146248652681217
544369667096477696
500257166478282752
553590891852886019
552829622128500736
544388092552294400
544357264333615104
500352850329751552
553572740125712385
580347051927597056
544517500118249472
544386515171020801
500298588992593920
524988783213547520
544450580367024128
576816930272776192
553148339160907776
580335409202348032
500347114975944705
553100996855885824
553590653784195072
553569333150896129
524943812339437569
544508313220567041
552982669840355329
500251242124173312
553473704060284928
553196263064498176
500309193526882306
524926184069808129
544389493273276416
529630665168281601
535270217689993216
524953840127574016
576656873681731584
576530268351246337
552832817089236992
498297336968515584
529722176380076032
580323946899214336
529729144536723456
576548875072335872
544284078330376192
524969201102901248
553187649943384064
553144964168036352
553534707108155392
552835301547442176
500364003734867970
500429525558505473
544520690490417152
552982613288157184
529722357267857408
525025463648137216
544458458527834112
499702462865874944
525030416261337089
524926643325132800
552819155859431424
553591758899412993
498305825341845504
499659628645720064
544519577733173248
500362679039840257
553139203320860672
544355845489065984
553105942460760064
499364508641808384
581246782765719552
499699479688544257
576679386616881152
524935023380545537
498278882244853760
544280650455728129
500317579060449280
500320316602974210
529729262593773568
544469768745398272
553108804934856704
552838559393013760
524947674164760577
525066876058361856
552827164677373952
500234112054341632
500263561298710528
581303832895885312
500408607561629698
524941720249978880
544353257175654400
580333904126742528
524936008870400000
544494787168972800
529655766509445122
553590835850514433
544309943533600769
544320939245043712
525050193360613376
524994218964815873
552815017402589184
544516381031792642
535986492879810560
544492209861836800
553124783043649537
580320856905269248
525010245811466240
553587225901154304
544516478821613569
581301336085553152
536514538850750464
580371845997682688
544323086841954304
544267656597995521
552841049467400192
552830864187727876
553547637832843264
552847505763737600
524966582544781313
552978225094078464
524962142563610625
529669611030331392
544483282352889857
553174338380517376
524942470472548352
500419556629041152
553130475032563712
544273888725577729
524934300459077632
544349773676179456
581287795991302144
552784882687299584
553579914717577216
500361668132892673
552817711617552385
580328582993616896
500385868041842688
553190655011205120
552978376424964097
553096753898323968
544477834396577793
544345465311879170
524970444156571648
553214783647145984
552808701065953280
498494758814109696
580328132932022272
544459333983948800
544309956250320897
544429467968339970
553129117215100928
544509652390924290
552796619104866304
553145236268916736
544394005182963712
553189840913989633
525005134624215041
500363126294863876
580336348764065793
581293685041557504
544294890343915520
524931083797004288
544287165912735744
580882302621843456
500280249629036544
544309275141885952
525058578365698048
552851305023414272
529723761428557824
553546063752478722
544489340584222720
580334199187644416
577273752796282881
553493707472011264
524943226948820992
529726244834017280
580330740086243328
544309060883845120
553132819237462016
498507434693246977
544366934154678272
544314234541469696
553221600955621376
525013278343581696
553165418639413248
552798832359374849
544301235596054528
498269365175721984
524974518960652290
552831506041683970
524949435886096385
524947971679744000
500399997113098240
553496489641902080
499647059688173569
552789521646247936
524998881676107776
552791414388424704
553215305917665280
544446282559799296
524959390332239872
553113944219320320
552812188315172864
544403526773125120
529669184670941184
498286202077085696
580320684305416192
580351149619953664
581377529124130816
544410900854091776
552788007603142656
544332847050670080
553578250186665984
576807652145160192
499696744155062272
553537380209401856
544351015936331777
499368533378498560
529628988683976704
525025329916948481
581405344288608256
500287224957898752
553206989925658624
521369179392581632
544421207115051008
581256046448111616
524980504324358144
544282355989753857
580336766663540736
552803792618799106
553144889811402752
524961561677680640
544495975083941889
499439795618480128
499375535458643968
525039002307424256
580370309884182529
529773194027073537
553168646051475456
499693751720501248
524976486902951936
552978476605923328
544515446100090881
580359405620858880
544336432609775618
525070912199335937
544401577113845760
499345384024842240
553493785523400704
524964166936068097
552790742700417024
544476808566276097
544395804190855168
580347646465949696
499696550541795328
499439550029381632
552792913910833152
552787914271510529
552791065645027328
580319184652890113
499347831954870274
544388259359387648
553126044375732224
553112230292496384
552839385209917440
544401374675341312
544391063742332928
576344015458570240
581253085508534272
544374395540881408
553480333954678784
544294639805923328
553188382403477505
553187959835725824
536836675226177538
580320242020290560
544361266718846977
544304742743044096
580322026029654018
552800929519792128
553464709899616257
553562446456422402
552808242276229120
524983325275197440
544381860214603776
498298040881782785
580337831253581824
552814410763603968
576736349153288192
552832291601674240
500422971320963072
499376069485821952
553514329166061568
553535765997969408
580882341880446977
544374569016885248
524955385480753153
529651454832037888
553576849943826432
552825236715208707
544297247567917056
544278913883447298
553587511864598529
500290464621559808
552834229722038273
529734113608359936
499531968229683200
552819350504493057
524950887119482882
552827979093385216
553556643456507904
544433739539812353
525044166519451648
544339368823894019
544495167836016640
552810124776308736
498529979672842241
552851546384646145
553563889104093184
544437375003131904
552808138127446016
498259903962570752
499554114024771584
553210306877739008
524951314556796929
544300945820352512
552786016906383360
552829637215408128
552819649599897601
552792544132997121
544451181754744832
529654835537518592
552984502063337472
553537537126694912
553502180666531840
529828486975066112
499691501136650240
544444189078208512
500384777514799104
524979881525137409
553591259672379392
535966185477931010
580331121180844032
500375190535421953
553475824369012736
544457904422531072
544296096244441089
529665662856495104
552851838928953344
500364914796802048
500305514447003649
553588993993232384
553155289235881984
499575076468305923
500363831957135360
552840606074953728
553223681409703937
500277940253634561
544448991518130176
544499381731622912
544351356824604673
552788947219533824
544510453201006592
499365436816105473
544350565283532800
553121522769219584
553196930768330753
524949003834634240
544510450101415936
498530904139378688
529627706057834496
553215523602046976
529755373721632768
544327278469988352
499697037156171776
552808785329549313
580324933525467136
553539373707186176
544514570367168512
525011494896148480
529710975730323457
552836204283326465
544427216516698113
581063730319925248
499359735947087872
552844643097120768
499706059691663360
552836968410021888
553117623568068608
544372701285351424
553534838880608256
544355218251452416
553535467065712640
552809418417790976
552832784046108672
552813549291315200
536489596423774208
552794995942772736
552795566242279424
524923293711998976
500301494340419585
529742159352975362
553523303453696001
500363097698086912
535524640031256576
524963322525798400
524946808271671297
552816288935202817
552985297307598848
498285556502372352
580885624883904512
576773359729426432
553553331671408641
498271954185379840
544283374911627264
552810032765497345
524938433262006272
500383956362334208
552817151112142848
580336326634962944
544484477930467328
580379486732066817
580319005703069696
580335578069209091
553590811355795456
544520615441756162
535919972439322624
552813590919778304
524979179235069952
552825473160736768
553096978788515840
552829031075553281
552789583260577792
524991119164473344
544298959993200640
576833011955679232
544353918315397121
552822873773993984
524963878904823808
552824742097719296
499651344622694400
524997921042071553
580356429615337472
544487579048222721
576853097445752832
544483003758419969
580332410853789696
576565012086579200
524949069945634816
580335545265627136
580364973664309248
552787231468191744
525032458417610752
525047349757100034
576338406088687616
553490358748061696
580332312354693120
524922078638903296
580370275121938432
524970488590651395
580363156721131521
552786299875520512
524956415589621760
544430900235075584
529697032659673088
544512664769396736
553138330557108224
552821862850637825
552815293349650433
544512064694546432
536836468816498688
553542208214036480
544515781367582720
553187683510812672
544492372088717312
525053517531062272
544329251487756288
576794571629166592
524980219749597185
500278485001457664
524958227768020992
500368204376850432
536842041586876416
544333172180537344
529735664347406339
552788886355996672
500362377062547457
529724755906400256
553229177055219713
525015193425031168
524967510563889152
552984798671945728
525036180379676673
525037540508594176
498285782512050176
544411313779126272
553190393370923008
500317687239966722
521310417696858112
544280397472088064
544315472075042818
544510219401703425
525002243100401664
553552772277481472
544277860555710464
535439290667241472
525044262648676353
552830850279424001
544511736465072128
535386605666979840
580333909008871424
553102828743716864
552831197420994560
553569379674521600
499360784666071040
553160909208559616
544326461952241664
544449562552045568
552845028130037760
553119505887395840
499389815268573187
544374422056882176
553574345235103746
499401478235099137
529722264615673856
500298981558063107
553529196216344576
544444539092488192
536839580419231745
580325458870460416
576346280336756737
552842761565904896
580365368805486592
544483404528775168
524967811081195520
577301342617673729
498357910603575296
544280617160949760
524935816603107328
500377192841609217
553163210715844608
524968337747767298
499501246907432960
544515538383564801
552831107985858560
553480082996879360
580322453928431617
500409565473943553
500293872162205697
553208762291339265
544506678922977280
524944006577668096
498455001463664640
544458427263512576
544408293192368128
499361965035491329
544408496918499329
581063928953876480
580320825351471104
524979756371288064
553127632947396609
576465897637949440
553176976698376192
553153190859141120
553515399438811136
553517053110657024
544281591833317377
552813160110252032
524993172271665153
499704241741520897
553463773844238337
553103134210666497
553531695480463360
552842642216988672
524966596897685504
576820722426839040
580329219646988289
500315237375954944
500321506371850240
544287991959539713
544388013141143552
500420906670256128
544420963429797889
552806890498191361
553542628097019904
553561762466115584
544359422726664192
552839416620658688
580326871302316033
499652256288235521
552814317096407040
544413195884974080
553151201253294080
553588340432572416
552835221859483649
553581668142153729
500360889347096576
544307028815253504
553100203239428097
544494721872433152
499361679197884416
500160181184249856
580336772128870400
553461741917863936
529645279159779329
552830599002857472
580331071457333248
544379143136497664
544464695646617600
544520344976232449
553488824656203776
553224764924243969
552805050620604418
580332255693942784
544437117963616256
552826580741795840
580398796124876800
553186457121472512
500249081286250496
544474960602083328
553145130354765824
580332832544976896
499706705354448897
553585447235223552
500398504075071488
544326741674967042
544458558432350208
553151132949053440
580331132878618624
500249630664560640
552819824007872512
524968293577158656
500363024926900224
552847251207241728
544421245698056194
536425735771414528
544511865729323009
580328617713897472
544452299641192448
500319233558192128
552827981069291520
525037656820826112
499430225043009537
500252508884070400
552837484221300736
553194632520421376
544515517546254338
536831867329466369
580351390570135552
553576010898497536
525030331775463424
544407157077467136
524948520605069312
544503881527742464
544390017930383360
499687274326786049
499691638424608768
553151749008424960
552817293969739778
552848653132767232
498277197581664256
580336394184323072
529746217098825728
553511279235964928
544501464849059840
544409432600223744
500391222075076610
499432169836531712
552981531023921153
500408829696544768
576732099304095744
553590273952215040
544356997718900736
576427952860045313
580322102307373056
525023912221212672
500279951275606017
553540872986705920
552804784819154944
553513403512532992
524947149134774272
553232137931849728
499652797030088704
524957105296404480
553471193110421504
544517624114081793
553218279557582849
552785443813457921
552846698524184576
500360095738626049
524955159840182272
544455530756841474
544292129972170752
544296672608534528
544504183341064192
576860068316057600
524933399828369409
544429942323167233
499358869492367360
544354840042680320
544480936960606210
544352727971954690
499690323883589632
553535642848989184
576831447299796994
553112060788473856
524943658748219392
524944637489086464
544508035113439232
576836049151868928
499696525808001024
529644676333453312
500326873407455233
544401573968097280
544336537870434304
553476471470432256
524983395026497536
580330104846475264
576872037089566720
544293694166536192
544287252306997249
524925215235911680
552845136414380032
524998460848611328
553532736187924480
500275854434639872
499567797064957952
553165824979386368
553125384246804480
544310691600302080
552831524002103297
500315532382707712
500311153583853570
552822330141851649
525021358879936512
544381144620216320
544329393737170944
498504673339666432
529664568772292610
553531781690163201
524953077456318464
500277477986828288
499699803576881152
500277481119956992
580321317527879680
499596695705894912
553147120942084096
529725862246375424
580706841769820160
524992063553953792
552815091331366912
500383514567925760
524930575472136192
553549686129561600
544437798426509312
500363602943942657
553164985460068352
552849194944167936
529642612618035202
553152208691539968
524939327399559170
544306591235710976
580352792700821504
553098785132670976
498286281894682624
544274544174071809
553158824979619840
553535430788780032
499690604302192640
580337446170320896
553485866346483713
544515072203444224
524949439367380993
524939347699585025
552804198161854464
553180236591169536
580349159569539072
544491151118860289
544309497041133568
524956129017995264
499595283504701440
553229626756329472
500328451929559041
524987263835721728
552793539856588801
553149880693456896
525069189447704576
581063816882065408
552812951208722432
581063957684850688
544384498947719169
553115396006764544
529726566646177794
524938107142283264
544424261163569152
576657704933990400
498318192000118784
552829046485434368
500391462073532416
544373694068686848
524982699220803586
544511811404705792
524954262657581057
544343367279456256
553489907524829184
553203041705664513
524987150413336576
500353295903637504
525040408653754368
552841650582847488
580357920984051712
544286724831318017
553124985900785666
524978526974668800
552837610897694720
500332097064550400
524993166651318273
500070913836982272
544435685864660992
552793551231541249
500359673334493185
576789978795155457
524937421180653568
500389488217309184
544519788752818176
580320893668364288
552831420197261314
524980775741956097
499568802267672576
544438653410639872
499444395800682497
536837309078200320
544314020539289600
553473550523580416
552831842232324097
498308585227431936
500313811195158528
499648409767538688
498430783699554305
524925223226081282
524961070465945600
499579650926858240
553589720480235522
576510163596795906
500371149713178625
524977830124617728
581295858898989056
544350803125735424
524975093966209025
499388398529175552
553234578086055937
524943012602716160
581064144394285056
544512691948498944
500283013541163008
553558126147149825
552790598823186432
498264393185239040
500309381930844160
525001708318240768
552810359409897472
544355417900716032
544404937380093952
544514564407427072
580330362070540288
544297950134816768
544435863946416129
552802714816905216
552814978823385088
500386619564650496
524952808110694400
552824456557887488
544307547390607361
529645026452979712
580331255570530304
552807536894947329
552811408094945280
576850639600357376
544399562866053120
524923676484177920
552825739075022848
524974885362479104
498300832648273920
529733645435949056
544428261602623488
580883510103281665
500288263320768512
529728722963034113
525071809226346496
500283831803326464
552803839490150400
544376073685712896
553480876315901953
553186577850335232
544404072179060736
524994747883323392
499662307560263680
524943976902971392
500402449501286400
524927809773649922
544407139205132288
544290780991725568
544514883484520448
499685593857531906
544518583112314880
499665704300191745
529695483661664257
498487611963744256
553537740588220416
553105460887572480
552803431702749184
536733651544072192
553479222434729984
576470720328392704
524951711941922818
498248415223246848
580371847335821312
524964457936863232
529726966178787328
552829176018112513
544306719686656000
524956168754843648
498301635756838912
552827819521085441
576815428066009089
500180625312083968
499705269434085376
552835209285337089
553555948883959809
553591303582523392
552804408233193473
500264535471980544
544331094523662337
552834732325879809
553127508150071297
580337440738713600
553131763468603392
500349179848560640
529679359301648384
552815274848964608
552848726197559296
552802098602319873
524974900017373184
544284859628523521
553572914923323392
553487579077550082
500359117132017665
499445575956578304
553181500104269824
553517548734791680
498345343629541376
553187990953295872
553509146730176513
524961659685588995
524926768054956032
500365170796158976
544343625069379584
536831367959420929
529727601280307201
553200085132009475
524922499466022913
500301870145880064
524925033626738688
552802099331735552
553584868685520897
553200115079712768
524945585539776512
529652269105815553
580697361799876608
524964948683005952
553561170637238272
498541831052083201
524958384060366849
553222727700865025
544306118273794048
544442676410867712
552829904396775425
499465611647275008
544308188909027328
552813223360352256
544280923923959808
553116149333114880
553166907596365824
524944881941495809
535450705134649345
553570818031374336
553116528074575872
581325025569030145
580330660537192448
581546828954411008
524936137589411840
499526002469797888
500289088285863936
553503846258196480
553540131756732416
553587735613952001
553541834975498240
580332903986524160
552846463467024384
553515054503821312
544500527720325120
544280399044960256
524949887591653376
499589336816308227
499703127193305088
577297951325876224
524954105471840256
499455799723184130
544511558173601792
552984231748829184
552828658747187201
499541439962185729
500329800725442562
552801115516186625
552980632432050177
553161360503500801
499412821671968769
500270780832174080
553591760668991488
553099479381848064
553536887349325825
553160213839486976
581386094337474560
499571799764770816
552839167575883776
524949073154301952
553193866057506817
500292917957648384
576326555246415872
553198344034865152
524990519777443840
524972277406773248
553485654030446592
552844100224172034
498281812821803008
544374018661687296
553588080964558849
529725730603925505
553117778870169600
499696733979688961
544511130249744384
576829262927413248
544500288183607296
576382704700256256
553143017922912256
544325896661114881
552820156980670464
552795773180858368
552808658510561280
552836898562265088
580883864521818112
553492417023057920
576821399983026177
524954028287877121
552809902956367872
500359006331092994
552816932643405824
553149508637708288
553588913747808256
580327058158551041
552810166744547328
500430673099104256
544471469527691264
553586523338440704
576781604821053440
500329864017498114
500379259698176000
500393530960121857
544408991649251329
544274757689307136
544469609433563136
553582301003931648
544318036715782144
544271815007145984
524965026256662528
552818868604129280
500347484154372097
500366417674268673
499674159916789760
544518415952539649
552827848734830592
525021083892994049
552828573896413185
552820930419109888
553567076728963073
544443739800731648
552821730100924417
553547270264979456
580325714567806976
553582465734832128
499620682502635520
544330861680664576
499385227362328576
544323933634564098
529644561770217473
553584292090359808
552823198484819969
553579224402235393
553200726403710976
500237448798949376
553544252563935234
576723588952276992
499678822598340608
525023642007371776
500271532279877632
544442448965947392
580337178506584064
552836844560609281
524987851046658048
544443154964152320
544317438079139841
552982816045408256
524964630221705216
544332254068350978
580326045238333441
553591494255210497
552805175874686977
525061246702587904
544476597512699904
524967620588896256
524929559909916672
498304114955419648
553192373728342016
524982531075371008
553235360722214912
552822566726164481
552810138114195456
524939378552864768
500276114011742208
500366333461422080
580339825649291264
500327106824245249
524959090125320193
552812020295532544
552797828977029120
553212338728603648
552829306439598080
552829011983089664
536532934014926849
535463053190778880
553553966970044416
500279519455219712
576509905596727296
580348878370828288
535818207542923265
500358195408551936
544419008615702528
553141732452626432
544328673097039873
499364522038394880
552983003308515328
524934142958788608
553583035820802048
524924660480487424
536812027571109888
544447757860483072
553591653647138816
499695682476060673
499705545583263744
544510345289924608
553476288103477249
500221671245377537
553171877464920064
580321372703985664
552842814061424640
552837086425128961
552816539175763969
552822043490938881
580335420703170561
544384349395628033
553537235463979008
553569512269021184
524941041301225472
552817783910961152
552819983915700224
552839843999645697
553586959596396544
553227441712668672
544484918567239681
553167429665587200
521359863884967936
544299273664593920
553210869010935808
553114307383541761
524932792925569024
553587303172833280
544521433473634304
553480287045554176
524931324763992064
498283586425200640
580328302939889664
552823108537954306
553127274829328385
499361506132508673
544281689233850370
525049639016615937
500070108099002368
553542235661553665
552836392678465537
553141087725170688
553517080637489154
499379061718659073
500183912384319489
524987990524047361
553563668169125889
536847243631149056
580318020192571392
499542449753051136
499672226887897089
544464812621578243
525036457732231169
552817769604198400
552809336360419329
553215879979085829
552816497740251136
500269950876286976
552803757864787968
553225809444749313
499674991294951424
544454229960974336
576362213134454785
553101858013581313
553535441828605953
544357935439417345
553097004138913792
499456140044824576
552837268160135169
553126072905383936
576316647880839168
580320995266936832
553468593141469184
544438499642847232
544330542871633920
536827886926565376
500240534481666049
499427833102745600
524968185016360960
500358526804316160
576465693798957058
544348695076954114
544293770926120960
499397804620386304
499383640267423744
544389639046721537
553553813542797312
553127086706397185
544513035118075904
552851629624803328
581245152158728192
576775762461745152
580324338865430528
524955388190662657
553586510260629505
525007810871164929
544395562666037248
500359075045990401
553518472798683136
524945676443340800
525051210349289472
500256984768475136
544303499756855297
544392718601183232
553221293298819074
576840804834144258
499696137708658688
553551225560764416
500325111497777152
524961908903149568
500285732578013185
553176929411825664
524936966492942336
544518841020473345
529726642902810625
524949733983657984
580347290633838592
500375545918803970
553133704881917952
525046443103354880
529730804688375809
552978435090681856
580329560350183424
544296772592336896
552793552376569857
544333302178799617
544469470568148992
553575984054951936
544342204576038912
524944610985263104
553538939454509056
524973223356940288
552822718115373057
500295570393542657
553525290908262400
529647809243648001
500315536937324544
544316500002484226
552806056154644480
524957647653863424
544380433014591488
544506443626741762
576376097824198656
500430445830365184
576790814942236672
529714629745082369
553562569169199104
576494602070441984
576812998418939904
580327960638521344
577269239779893248
553541601482784768
553107688591089664
544286688436969472
544390550497947649
552785695845396480
552798010196107264
500280422295937024
577261281125642241
499387698390790144
529627432996044801
553550301886955520
553205261847236608
529654186791944192
552984916070531072
552808282398924800
552835288725061635
544494273924562944
552847230693310466
544321311250468865
499703128540061699
525057374965739520
552841287670308865
553469523945590784
553465105028222976
524941132237910016
544321934410788865
580699825030754304
525068253341970432
544514569339953154
580321948070240256
500186818374270976
544520795511611392
544316904861478912
580319651399385088
552805638024077312
525022663102963712
500397785246466048
524925050739490816
580346835295997952
498527404386578432
553223882128490496
552829971631472640
525023025792835585
500388199064420352
552851710880653312
553201965002653696
552829082388660224
553512735192141826
544271362022338560
553480702067736578
525048557569454080
500344846612447233
552837814946394112
552815993165467649
553157600704204800
529714770422022146
580330441854435328
544277113683980288
552815387759616000
576417507277467648
544340943965409281
498535462349582337
544277336422486016
580369978546917376
500359983301939200
536783143865688064
544336736948473856
524978172110987264
580326473803767808
544340812448804864
524930851747164160
524955083297931264
553198268436344832
544301296099270656
499700838127120386
525063393309630464
500280477920796672
580336782782382081
498293668655423488
544406288231174144
580344006682505216
544465862942797825
525034687245582337
524969501704855552
553475729187680258
499665889198088192
498265095559184384
498292732159619072
552814460193476609
552821069036670976
525027958835408896
553581501422788608
576319832800555008
553561169923829760
521359454672269313
544279945128591360
581249720376553472
552808487924011008
544492843499540480
499705746377150464
529679172650942465
524984505376182272
553145422097969152
552836854085459968
544419497667751937
544516530160300032
524946461621235712
553477943616634880
576551024929992705
544518335019229184
580351083383517185
552985912901001218
498305962726273024
524951279760867328
553590751888961536
529716453792956416
553573166116012032
553584173420920833
499407248427188224
553531343834202112
499643185581142016
525028522361114625
499366666300846081
553124563266306048
544470708093747202
544273563872538624
553536269972942849
581314363644121088
524999488067633152
552799317602615297
524979702940045313
499606771246567424
499619724222038016
544494408515608576
544427042616254465
553175714128990208
498497395198799872
553496697918468096
499654313870761984
529663474079920128
525067386849091584
552816883012239360
553503995872808961
544305913260433408
499697887434248192
580327336505176064
525070811439579138
544519358090084354
553480900869361664
577287176288776192
499650234914713600
576552070456741888
544520932405284864
544355987608444929
544365130138808321
553228537084116993
499655249398075392
544367010894086145
499703156889362432
524936931059056640
524963002768842752
553118212813246464
498466570675716096
524995375468249088
524934004152082432
553219047048105985
581290271997968384
544353502689251329
499345010190348288
553528788383191040
524951456362012672
552842140188147712
499611069565112320
552846893588709376
552818334643658752
576453994484252673
529702197916090370
500360244187635712
553572754746638337
544289409294553088
553160898399834112
499362441697193985
544391412075069440
553501773517033472
500380881563811840
544497307933474816
552807582113730560
529664917239250946
553166152344829952
529660296080916480
524957978806743040
544519622389956609
499700279412281345
525072912957452289
553538559609942017
500392971636719618
553115341338198016
500266427840864256
553177822312013825
500396027342376960
552817918220984320
576528880208637952
524936456742379520
499692589143298049
544325938826076161
544301786849640448
553131791553667072
576755174531862529
580362323283615745
580884417343815680
500361647144574976
544434450918932480
500359312447787009
500318980007948288
544420349052342272
524969878823137280
553495922639122432
553180005514366976
535397927548878849
576749539375235072
498262106937237504
544338731210399744
580368417556992000
498323364197699584
524979133366165504
577303343728627712
544317494379294721
535472483756154880
580332380436709377
552797148975464448
553104721503088640
580351604831846400
576485427315535872
553164185006534656
498250100079341568
525005137405018112
499362269269336064
500309745350508545
525034332474601472
552810249263259649
553572111441465344
553180729254113280
500280658665537537
544351486956670976
525046432085327872
552818300041052160
553479315711864832
552787878351474688
544293783702364162
525003253185277952
544302821450207233
553490241445965824
529638205013123073
553111157738057728
524955304199352320
552789196906459136
576860819322880000
524923341359300608
553231607449276416
544520121436213248
524997030536830976
553547836517007360
544518036255150080
553586275438301184
553470382129565696
544422134127525888
544301925735202816
553178341596233728
553194557316542465
536504937401049089
552838134627860480
553568095978401793
580399487740297216
544445364322197504
580317998147325952
553140613051215873
544435023282470912
580339547269144576
576427289111474177
544283745939767296
553556984273072128
500377145349521411
553151670796820480
544373504419069952
552851679905734657
552827825603219456
552838568717344769
576486732864098304
498254340310966273
544521948924248066
552823829333291010
553149163181838336
525040545870385153
524956383318650880
552829129356496896
529704637301923840
544426421331169280
524958599433691136
544410806167678976
544409400941625344
580349424058175489
553529935789559808
553176411541098499
552980299769200640
524974566830247936
553467311261503488
499441454498852864
499363975377993729
553139825008599041
580330591826128896
553213326277500929
544503425082613761
524936881348558849
581063753837481984
552788555584765952
500284377490665472
524949897221795840
524952407625957376
544279950929321984
524956007324082177
544338698750664704
525029232691650561
553540580912156672
524971492820647936
552839270395035649
544294794139533313
544277817987330049
580336341080260608
524949339131904000
553210080829906945
529773317889064960
553110339236409346
580341214098137089
536844860058529792
500365332351971328
544334554631536640
552841684485414914
553174536028303360
544513199375384576
553589970775343104
553547629963911170
544451041396531200
580329111064686592
552834623944671232
499700906384842752
544517440332627968
529735706386898944
552848426812313600
552796269069209600
524978912145985536
576448454005813248
529723023591743488
498294367405477888
544324741239037952
553531802347122689
525024181218725888
552979571021447168
580352417541287936
498274493337702401
535708968837206016
544273885437652992
552824163841638400
524966565788520448
553470492565602305
536841860049043457
581260171688718336
536826824219959296
553146494271094784
553197181151481857
498276304635322368
499687644045918210
576394839220178946
553518024272379905
544352188210745344
499520839860367360
553222048924049408
544519166582337536
544277852968210432
552984347754897409
552834961762709505
552784168849907712
544329092100005888
524947716393414656
500364250461003777
529667041142124544
577258317942149120
500272399867068416
544289311504355328
544389506569220096
524931752725585921
553111553235361792
552838105422913538
580350166005248000
544296671950020609
544334431830286336
552806309540528128
524951419175309312
500295333486657536
553588374280601600
524927356830760961
552836100814032896
544380441210277888
500405877460193280
524922729485848576
499700579527299073
536836729190105089
553198853487611907
576842803013091329
544439077756755969
524941272549969920
553183420499894272
500285919539511296
553228535511650305
524985687704338432
552850611524599808
553119235904643072
552817675408523264
500359223557890048
577311956048154625
552793409438904321
553185854165114882
580333915275165696
524942058042449920
552844104418091008
553589051044151296
536825848624865280
524950507023245313
544318880001560576
524950117192044544
499691814358888448
529702456348139520
525070933556350977
553567184002502656
576443643680178176
499387993879511041
553101451271352320
529738310022090752
552814627399012352
524943721302089728
529664783599943680
524961055211286528
500247508195749888
553493510306152448
524971165056782337
553159409476837376
576889130258419712
544387669766451200
544356724871036928
544296465619619840
536825222050365440
580885455257882624
529702797349253121
524926279309860864
544384662765068288
553536358950916096
498254929942028288
553556060569862145
576452724281102336
544273220128739329
500350150695743489
552807027781947393
500306187624407040
553121732387946496
524979946218061824
580345253179342848
544275733607366656
544296158206894081
544472800379940864
524950339074523137
580883100533690368
499698964925796352
524983050187579393
544414634308939776
500297243371798528
552791332935434242
553198972287082497
544509519179816960
544366723067957249
544338575240609792
553491604917334016
544271815044894720
553218599390040065
499467982943186944
580327611760545792
552836829234614272
552827123963281408
524949526487265280
580329935601958912
553538939076624384
552800070199148544
553537939041701888
524923480173981696
499405449951584256
529653029747064832
553123329561743361
536825223061180416
580387098039046145
580365989780520960
581274572823130112
524973920722878464
500339589601431552
552837027616804864
580342670511472640
529738730748534786
500398901028196354
580346824269103105
525061787860103169
524924225463668738
553468492700454912
580322653472493569
553153073481535489
498317308771987456
544461231549992962
544362543997665280
552849865680494595
544331022104395777
553555293645590528
553557753558757376
529736110667468800
553500238246608896
500175929902395392
499366977497214976
552819986834923520
581061237783556096
580884605097664512
553588106587545600
553553724548059137
580330161725255681
524985325190656000
552807101442322432
544389986809036800
580331677899202560
553526776878469121
552802654641225728
524948790227517440
498602798687469568
524991470416461824
553505371290357761
529572620782825473
580886010575257601
500335927248429056
544276998017646593
499601812005998592
553488054640340992
500404509592387585
544311814649942016
544352649978843136
553566200098488320
525009850104037376
524949136173694976
524972166006464512
524937330923417600
553575232867672064
524952154482946048
581274406804025344
500189389855916032
581063906682114048
498294248488574976
552851189675470849
544309893969092608
552848620375261184
529660746645647360
552789252690706432
553191800408911872
576394422813769728
544425492971941888
552823301899575296
553538523266318336
544495359800930304
544374313848430592
544329935943237632
553547659404148736
524995776578330624
544384825332101120
552833662593400833
524945684966166528
580325799078793216
529664974978023425
524951439417044992
552798891994009601
553115176057065473
521381662551474176
552825783337897984
553501357156876290
500318336719134720
500364290545958912
498294775649665024
524959715957424128
529734612998955008
552797154692300800
580331913052852224
553582206019723264
524930538009006081
553486796534054912
544272701108797440
553121581187485696
498489114384420865
544362279006113792
577308426902056960
544467919003213824
524924987774631936
580320964875014145
553227220765130752
544516940367413248
524932327907270656
544292342430449664
544504954334224384
524949884143927296
553195138156343296
524924034124107776
544462911729455104
576238005951811584
576821651490340864
544326597055369216
580348081100734464
544391789789331456
544443959662358528
581293286268129280
529643568873230337
552818309050421250
525021103559696384
544512676643500033
552847905498103808
525049831312875521
544510402454110208
553544566042009600
544409517224898560
524993612279336960
524947870735429632
553163344577064960
552982813671043072
544477097016578048
524923462398513152
524964929083023360
580329886532968448
544266241511133186
529730384989544449
581359544682614784
525062993898635264
524976857822011394
525040097272819712
581302297579425793
576347888168644609
553588946039746560
552811735183552512
544301455952588801
544480083982168064
544307040932601857
499381321954000896
553212333867012096
552846287314640897
552809042687819776
544515097625108480
553109319764291584
544314301067304960
536223820131360769
553151980928262144
544308888628387840
576483978363973632
544268186292867072
553519997956669440
553124985137815552
552801438821515264
525027539845410816
553563356339384322
500303864495882240
524974318087061504
552831515940634624
552837561119686656
544351832483450880
524947368865964033
499364002318020608
552808071387701248
553222038379180032
544360928603799552
524944178586091520
552799669521481728
553227288859664384
498586725502173184
544427543336464384
536844329000906752
576204915694964737
524958743000125440
500278978557804544
524966946467749888
553106869615472640
529689679411810304
524949021744713728
499697729225105408
498285405142540289
553550030553243650
498506343368519680
544373839548145664
580364236330762240
553174713061892097
500307863894786048
553529334892609536
525038096086499328
499705963126202368
500287815734013952
500171743466901505
524950321064607744
580328565255852032
544364507342979072
553535829017370625
576814014438703104
552814845016694786
498472666802958336
553174607604482048
529752475541442560
524940077978640384
544372465078505472
544376469279875072
535828163402543104
552836695754678273
500286805720449025
553135255583219712
553131797379551232
525035832336736257
544415156659175424
553118438332571648
580318717860532224
499692099005325312
553143179038715904
500354471525109760
553543467427577858
553180503969644544
544390718253699072
553144428584398850
576327507093360640
552832169496694786
553229948153262081
553017543330648064
499464258183114754
525047079325155329
544463201875025921
536835870897479680
500301418406744064
544278985249550337
499697498072420352
544415616753745920
544399927045283840
524967727266398209
524951625556066304
552850282410176512
529541962639355904
544512910538838016
524980166289002496
529818929607475201
544482233038286848
553537870431268864
552850725467082752
552835109372825601
500320616428601344
553173501369389056
544350712365207552
553180071775993857
552821810224304128
525035552643751936
524947416869388288
525065430713790465
500395288335360001
499698357397237762
500367267901632512
544518445870497793
580321925265788928
524967711492014080
552807874192482305
552848704819183616
529638427462217728
529733930199814144
544470979842281472
499357077429817344
544415318345396224
525052526593601537
553591518619893760
553137601457426433
544305745416581120
553537280343031808
524981463033581568
525068387899031552
553587278564823041
553578566563426305
544440749387808768
552834640692912128
499405013261635584
544450135988899840
524949443607412737
498325055726559232
553219651594125312
552798310889566209
544493466836017154
499657337985323009
581301262269829120
544344684685189120
544300674448887809
529731332717678593
552801894092275712
581280784155353088
536833104280055808
500272350906957824
525070461936222208
544312118497914880
576185920094908416
553559793940447234
524935906596499456
552810804186460161
524956518404198400
498504707393220608
553587013409325058
529654486974099456
529657139959451648
553213361350262784
525026947307700225
525045145079533568
525057025785356288
544292910578278400
544347292493705216
524981890567385088
498302874531553280
544343410849886209
500074069354905600
525046462460477440
552821287933202435
536787694169632768
499615655906533376
552792802309181440
544477048048082945
553182889379397632
500274132756738048
580882674413375488
576863192854462464
553138598980370433
576526802056814593
544518859290464256
553213362713399297
552813155572006912
529775890767437825
544376300417585152
499682060793937921
529659390664908801
553470907629707266
576321776424189954
544319832486064128
544436330856329216
553589860880375808
553576648973377537
544325779199258626
525056576038518785
525036240848945152
553590459688570880
500290867681587200
552815332931665921
552827117663436801
544430910511140865
544378468931076097
553221281181859841
544292798887784449
499361662743220224
498294764718915586
544332519861022720
524933380929245184
580336528955691008
544383383095508992
553535227214438400
498276354434277376
580882906014474240
553227906449960961
552845542536261634
553173654121742336
544432661419155456
544391176137089024
499512318410375168
544416937178976256
552812416485294080
580318938996740096
552804962158514176
553591736598269952
524939362048290817
524960580944560128
500375737439096833
553553173743677440
498480911243948034
500277854341697536
576824525339402240
544307161589772290
500316380063748096
553548440563908611
499355083734519808
553163190138580992
552979420227842048
498322865843109888
552798640679702528
544337689676636161
544293177596067840
553146691344695297
553583867664535552
524970731202166784
498452664527511553
535440024930902017
553480257747963905
544277650714677249
524944544681705472
544506347438735361
581411131547320321
525065123917221888
552805267990413312
498531639472189441
553477692591726592
581357303405813760
500347920210989057
553491924015783936
535926525422358528
499703254637219841
524931110279852032
500307001629745152
536828314783346688
580322066374721537
552840805678084096
524981565462704129
500279160795721728
553570203678683136
524939818347028480
552786116404072448
499406854615597056
553538058440941568
553541838494515200
544432946841538560
544379787246981122
553203538579701760
544402012570284032
552983300730404864
524983403775799297
529765936199647233
536826643122503680
525052976562712576
552829217134505985
544512187171995649
500358061698347008
580336849534648320
553543032642220033
544515671347200001
499604750888083456
553556844665659392
553589914684895232
544518044643770368
544287902079803392
536835011941396481
553554835203956736
525055879545380864
553554585634496512
544491160803106816
499668221767999488
552810287695659009
544308749725626368
553190729447919616
544319274072817664
581064157870555136
553492305521672192
500294803402137600
524934897367285760
524937542131793920
524978855531253760
552985611070881792
580337292838981633
552819936343883776
500293511632388097
544434192478519297
553586393189212161
500369479482630145
552815443959091200
552849515271958528
553587167394791424
553488850363101184
552834501383290880
552826270866616320
553174639158231041
524937635698327553
544288135564107776
553544694765215745
581291208506376192
553153740925304832
553149347777753088
553585530504749057
524930671220105216
553540478403366912
500311883669585920
524976980799000578
544415425140776961
529727006427340801
524928960615186432
498341675476217856
529655746074779648
499704336935821314
544282250503012352
529731453865955328
498286045843435521
524923678472286209
544395712130449408
580323992843718656
553569060882235392
500273257262886912
577302850318938113
524970142719963136
544378769952505856
544297331906973696
524929106987991040
499690869784846336
553135886859534336
500294693356175360
553566877956734976
553545384069328896
529676682622664704
553131713376047104
553560429910568960
499368931367608320
525038517844709376
552830862585503746
500358655834062848
576357849204412416
524965597793107968
529729911926583296
544275597464444929
499361252691681281
552812399997489152
544281012708970497
525031558949134336
544520379176599552
536842936667750402
580326073776357376
525066628359127041
499576743967993856
552848478196736000
553115168084074497
544497137221136384
499368426931228672
553552293371871233
552785551930454016
524955243185176576
553188115033387008
553136237083889664
580329455173967872
500395231305826306
499706350759206912
529736435780583424
544363391641341952
552799100715167744
544393889113600000
580320161082830848
544354418938740736
498473515302260736
581061272856326145
544285712653500419
544358533819420672
552844767281688577
544427133398175744
552805069956329472
524938288277118976
552850603714826241
536844923774205952
500382265076379649
524957925157384192
552790878805168129
581247335998431232
524982907052765184
529700827557285889
553528740618436610
544304298243653632
552822544341139458
544421653128556544
552817205982019584
553586421626568704
553184451774402560
544451052679204864
552820735513612288
553590881371320323
552806462125506560
500310127896199168
552814494381256704
500360632093646848
553117423906590720
553231516290269184
552981296839131136
524964989975937024
553592023392202752
529627936622931968
524953767402553345
553587861837328385
544492454016475137
553172543470043136
525023057526947840
552825459546030080
499704667195322368
552846625467817984
553558611306090496
552836516775354368
576480269835845632
553139515171557376
544383022876065792
529739968470867968
553145859089920000
524966572277129216
524934673760530432
544281589749137408
544291829290508289
544353552177455104
576504635738951680
552810855503757313
553589295525941248
552801829290270720
500393152444772352
553518053838061568
524930293921107969
536127932918681602
553171741804359680
524947196131966976
498301902048997377
500278365031370752
580353986991112192
544283714751328256
552786340958715904
525055273816555520
580323060533764097
552822944603582464
500427783848615936
499704226294300672
499481575059619840
536826273667227649
500296988077076480
552811128326475776
544294402366394369
535517405921804288
553491005971132416
580339793122447361
553197212726218752
529731513613836288
552814916567322624
553591084409184256
525045203648790528
553532452472238080
544277728930062336
536323971239903234
552784526955806720
576423157587906560
553157384714342400
499377470697926656
499569344184340480
552808135006887937
553530524183326720
553114158989074432
552826060455550976
544392801836728321
552841157785694208
544487535418687488
498255721260400640
577303162765250560
552840905213083648
544284455909998592
524965165759221760
553192641328734208
544517721757847552
524999079127162880
580325043705667586
544495155198181376
576641067317096448
525025279803424768
529738126026358784
553538304332017665
529727813239451649
552785367972450304
524976963862429697
499703651079045121
553566829273423872
498265555833720832
576231309254721536
524936872666353664
553151700950065152
553582812964876288
525033697045925888
553543369604210689
544341255174356992
553583376398319617
552826524467216385
552837527640363010
498303288295817217
552838287929663489
524942353355005952
553143905039159297
499345023721537536
525047104239333377
544274585697280000
553144384737525762
524986649315667968
553135991083769856
576325381990535169
552811438994378754
553582011324329984
553216874130206721
581288928646340608
553215313807163392
552802128688078848
580358227713458176
535415869862473729
544317165965303808
544426670095368192
552985389523148802
525026031833718785
524952322703900672
500073002101665792
535960367055118337
524939142485262337
552833432540430337
524985689905967105
553226143307161600
553581669710831617
552816010752167936
553162459885096962
552789443644751872
544282127404388353
525021050627973120
552797406094716929
500280809652514816
524940014065811456
544482745637158912
499360134779637761
553235271169638400
544404673357021184
524947424482435073
524956294395224064
544372545219489792
500070716650565632
524973444946202624
580882417117958144
544305540286148609
535241189234982912
499658267493019651
535656301833895937
544356213837017089
498272309535191041
553501469388058626
576320540983582720
580318669483413504
544289941996326912
552787361437057024
553589657695715328
553108242856177664
553185825065009153
544402515085623296
553558982476828674
553163862707818496
500359088757555200
552816686752358401
576847727918739457
500324836355608576
525058976376193024
552814974511628289
544518088117329920
544289448150986752
553133048611753984
552837599304622080
499612545909415938
529695367680761856
525055967076290560
553521697350234112
544394858405060608
524957773810135040
580320745974288384
553578348111085568
552813011803836416
544311959483473920
552824126659104771
544511112654618624
529670383629520896
500366207552196608
580318210609696769
498483279943962625
576806702454075392
552832177138696192
500388703114895360
525028955049320448
525027873867198465
544283772569788416
524945101542678529
553219195056693249
544424775939293184
553143519536500738
529691396098510848
553123958602862593
498302603034640384
553181997041217537
524973811092193280
529666235710332928
576321889276207105
524996383120818176
553231667523883009
553533193899368448
525052332116312064
576847722055131136
525026715123601408
544367253857525761
552824705703763969
544512078518968320
525039242771464193
544462918465503233
581317224096387072
500350460122136576
524961362448240642
499673142114013186
544331918506872832
525036393983381504
524989654995849216
553202028575731713
499705042178691072
524969431534153728
500302577557573632
524983581983375360
500339512082698240
524988555178045440
553193210269298688
544513072006967297
580354367796166656
552838551071911936
553225828625297408
553558824720666628
498303769915191297
553164381673259008
525040767317082113
553125364520992768
576181101577703424
536848139836481536
500278169828470784
553113938091462656
552821437678223361
525025806079504385
500319675797209088
580347068457308160
524964279456653312
499701114195808257
524967631171117056
524978196589334529
500339591392817152
552845017208061953
553534934447824896
580331527675998208
552821570423771136
524978999534317568
553555207410700289
499363323335680000
552982443511144448
552824462958395392
580347961256837120
552842614555545600
499409692834021376
553587672137334785
580336204186521600
500177556768034816
499497872564703233
544355197435142145
499699435551866880
525039876366798849
552956517197303810
552850116324130816
500235112785924096
544463189447294976
499610913112989696
544372177965834240
525040509937795072
536835870293512192
553185062829948928
553136845589319680
544511151900753921
544288856263360512
500298847550472194
525007337724325889
580320645906632704
553197197618339841
500353227951718401
552812682626465792
553535971959275520
529735674405326848
524966904885428226
544302938374426624
544351885298130945
544268637134393344
544297696308518912
576639665786249216
499403422278619136
576767882945789953
553587546614427649
580330369603366913
500247666924986369
499588291335692288
525069752566575104
529723023184498688
553102901619748864
552807832257835008
552828280806850561
544273427075710976
499674902060744704
500070699768496128
525049481679892481
535552999624826882
524980402495430656
552787544837197824
552837147305455616
500380282097520640
529723708207030274
499565555645685760
544280929154637825
500279189405433858
553143415899451393
544360851646709760
500339209715335169
552805488631758849
576597020065996800
544385829180035072
544411097797644288
525032520124207104
553583059761897473
553188974811185152
552796625467621376
580366761398239232
524925730053181440
553230661012975618
524940030109036544
552798200990806016
552794942759010304
552789550238801920
500314823117115393
553474232596701184
544490782183657474
552845840247971842
499554248292458499
544502782267752449
553205691742425088
498284334806495233
553102562665050112
580340476949086208
553161476928978944
544309006500888576
553587708367765504
552824885484224513
524968466559033345
544294692456628224
544379489263042561
553169622762262529
576338374925164544
544288661253398528
552982908865368064
498253652755111937
544340578528272385
544500883963518976
552812572731527168
544369653015801856
552841583251701761
553538456207777792
500163501961142275
544510827433558016
535556368552714240
535951209316642816
544313132865159169
553117857609809920
525012689568161792
524954586696933377
581248346309922816
580883727624065024
544419162001383424
552843174218321921
552834481183539201
553587329626292224
529776116773298176
544516142983684097
524935146806738944
552830521340723200
553588889084891136
552839028350136320
553506608203169792
500387844758994946
525033357722550272
553586781355278336
525020326816927744
553127899033640960
500362083221786625
524987107081977856
500328583194509315
552824383816073216
499607500187250689
500291116403789824
581287723841032192
544282877278814208
581266400192307200
553178273895956480
553470140042735616
581257660118491136
529725387400835072
576382568586706944
553544336475168769
580336554406711297
553567850301231106
544293716140126208
580319856496644096
500355828227252225
553209983845023745
553592195786506240
552791159232540673
552805619301097472
524995620088864768
544329431998038016
544345074960584704
552838171323817984
576327863802138624
500351760402493440
524967376719466496
498532911143206913
524979089787330560
552986374765563904
553581227165642752
553551286793416704
544373676842311681
553539778088816641
580330690807394304
524958238316298240
553526191399776257
499361017038905344
525067500447612929
500300813835988992
544519298015039489
553129811850559488
524943114885427203
580351367719591936
500277808883830784
499584511710351361
553587542067773440
544387967037763584
498300256678076417
553176753297162240
552811254667288576
544458083129229312
499605248747786240
544373945206460416
553551282967830528
544389770009276416
499673760484433921
576794571448909824
552828474814398464
544521166543548416
552814216550563840
500292129802186752
524977812852461568
544317709396496384
580372127125131264
544370712639590400
553144448452792321
553542442373619712
552847959864274944
544438309267578880
499362480179912705
529658492391813120
553575450329378816
580322782392762368
581305416795103232
553539631149756416
524930400272265216
553129378969047043
524925600318754816
500402804910206976
544465040666288129
576757242042703872
524981513637888000
535721996391178242
576248645365846016
576397815406071808
499386181310619649
553128325217275905
580334309422161920
553472225798795264
580330302251393024
500413956230365185
544280739290677249
553590946970206208
499553426133753857
544475686740967424
552817345887207425
553502446769942528
544309096351268864
580324027715063808
529637014527029248
524943886553468929
552980760500916225
544285213891629056
544444148234076160
529637505981624320
544271185903484929
525052223030845440
553137068688543744
552804810463117312
499453410744483842
500224586064343040
525049044201377793
544272155144646656
544466920880492544
525059348574130176
499360762167848960
524948206023880704
553233414145310720
500306837103968257
499584618165567488
524935085863481344
499695028407922689
499427218171248641
544477404342018048
576715243948118016
553580959661309952
500287491182579712
580346392431968257
552851772658561028
580326807704088576
544349042952916993
544338676835041280
529742801274429440
576192621351145472
576276947648405505
