552817783910961152
535936169196810240
544372384690872321
544446667312091136
580322332348190720
525047349757100034
544282127404388353
552822739388882944
524949939755810817
499655249398075392
536787694169632768
524933399828369409
553123958602862593
544280929154637825
536842041586876416
552978476605923328
581286157151039488
552823949311369216
553224764924243969
552831624283693056
500315984910372864
576231309254721536
576825885774467072
552806117328568321
580331132878618624
544293291785596928
544356122082410496
544282714237448192
524961721744900097
525026066944262144
553576010898497536
553096943455727617
580319116302647297
524961589406216192
544307028815253504
552984916070531072
553102562665050112
553189024941481985
544310222547087361
553544694765215745
500363740311982081
524960814944747520
544515671347200001
524935586025861121
544306732475105283
498474035668586497
524949884143927296
544321103875694593
552812399997489152
552784882687299584
580324721381740544
552841043423805440
553488850363101184
553107921081749504
500277526590423041
524956168754843648
552837599304622080
552979992603533312
500270284117925888
524923341359300608
576379928914046976
544383230091464704
500285282650832896
525019469983531008
525036393983381504
524925553489760256
524976486902951936
524957978806743040
529725730603925505
500265950667870209
544520273718812672
580328617713897472
524979702940045313
524940077978640384
499674902060744704
500325111497777152
544479045149130753
553175714128990208
529757088881573889
552817101057318913
499702134279913472
544499892010635264
529830319982407680
553543395017510912
553573875528007680
580321925265788928
500171743466901505
553533607126388737
544338622078410752
500382270340214784
524955102554361856
544464812621578243
524984505376182272
552819983915700224
580328535790907392
500322242296041473
529679359301648384
553186577850335232
552818300041052160
580337831253581824
552796895513681920
544515584931528704
499703651079045121
553548487225532416
500359377585704961
498280730070622209
524934381828603904
580365989780520960
552820930419109888
552836775191019520
524993533212897281
544482664515121153
529644676333453312
525052526593601537
580320267777511425
524930400272265216
576348679231033344
500283877567770624
553184082277187585
544316500002484226
553474188259102720
581359544682614784
500377906305327104
544329393737170944
553103334626701312
552829971631472640
498483031842500608
553225402282692608
524949069945634816
498483279943962625
500387844758994946
552847548776742914
576349360767807488
499602370917978112
553172543470043136
552842614555545600
552827349667176448
553579715014172673
499674825753772033
553541676229472256
500293511632388097
553471987411324929
524967631171117056
536825153372831744
544377502563459072
552807101442322432
552801880812691456
553136845589319680
544307871853592576
553477943616634880
553145859089920000
500380282097520640
524929893759737856
499361679197884416
580336568419921920
580398796124876800
553105493255000065
553566279953842176
500365170796158976
553174338380517376
553193480319942656
499361662743220224
500234390723915776
525068915068923904
544511489869373440
499620682502635520
500360308289187840
499406854615597056
553554032745525249
544373515067998208
552813590919778304
552791719272775680
576509905596727296
499598945417703424
524966596897685504
544431559320014848
529708410464636929
544332613532811264
500176071476936704
552978184413921281
500318980007948288
552815091331366912
499693751720501248
553162459885096962
536805993334571008
498269636551798784
499362441697193985
525049831312875521
500295570393542657
499481575059619840
525067419635576834
580331071457333248
529700937053773824
580322453928431617
576687226979004416
553139203320860672
525036240848945152
544280707800264704
544415105358643200
553519375521951744
524955159840182272
553531316797718528
553144964168036352
552983003308515328
544313132865159169
524963322525798400
580320645906632704
552819569103220736
553108804934856704
544273885437652992
544402024524038144
500320680810795009
553537460920389633
544520379176599552
552837147305455616
500364921607974913
553100922268942336
553113509152952321
524957554829717504
553497508970631168
500388477763325952
499381843955707904
553236009081921536
544446973667860480
524924619812511746
552840740007866368
524994747883323392
524974318087061504
524978526974668800
544292910578278400
529735674405326848
553584683892871168
553101858013581313
544377046030635008
580329206158127104
544511676088066048
544317494379294721
524927809773649922
553543467427577858
553176976698376192
529710975730323457
536827886926565376
499662393627410432
552802606696136705
499366977497214976
553556844665659392
576655512462344192
500358258654470146
553517713147301888
552816883012239360
499583349267382273
499427833102745600
580318210609696769
500394061887709184
553170912129056770
544370712639590400
544394005182963712
553174789561389056
553111157738057728
553584292090359808
500368969854103552
580365755750871041
529739770524860418
552804198161854464
576509083152457728
544391533240516608
524967510563889152
580353540725452800
500290464621559808
544315187608973312
500364003734867970
553184643055644674
552816600995614721
553182566564757504
498276771226451968
500405877460193280
499652797030088704
529742801274429440
553545386082979841
524944399890124801
499542449753051136
553163210715844608
552845654637436928
544476533302505472
552980760500916225
553221600955621376
500368204376850432
576409244968361985
544336736948473856
544321631976296449
499405449951584256
544366894107480064
524941119403335681
524947867975561216
552832721945628672
581546828954411008
524965786059026432
552826060455550976
500362679039840257
552834559297867778
499679986727411715
544457877688430593
552803757864787968
552849585899462659
524946753154727936
524937574281121793
544504954334224384
580353737769820160
553220172925132800
544271284796784640
544291853227786240
553149508637708288
500368901365317633
552814130827370498
544288661253398528
500286293688193024
580321327845765120
536777819204775936
553588374280601600
544275138712469504
553591653647138816
580333028624457728
576513091287945216
552849194944167936
553472488462901248
525029954908860417
525032458417610752
552829031075553281
524961055211286528
553212702714499074
552838440103198720
580320563891019776
529654486974099456
498487999848800256
544516940367413248
552831974784905216
525070933556350977
552839975843016706
529735459069788161
524998460848611328
552818799095730176
552840606074953728
524947971679744000
553587542067773440
498507434693246977
525020733622464512
553152215050125313
552834808121163776
524964166936068097
552789521646247936
524956372199555072
580322927679279105
536825222050365440
498480911243948034
544305913260433408
529637341645008896
499519439206092800
544313043463987201
500362044324208640
524948264886759424
525067500447612929
536825651463217152
499567797064957952
544268732046913536
580346392431968257
580347360959717376
529745609969131522
544382892378714113
553503184174710784
524949026064850944
524963878904823808
525039686931075072
553591758899412993
553122359398260736
544519284740079616
499705810076053504
544286537299787777
552795693682032640
498293668655423488
576772770220113920
553553112456499200
553583035820802048
524969137660231680
553589055116836864
544437156505067520
524950455743291392
525055879545380864
552846905819291649
525016983646244865
553588053348843520
552814382338826240
553182889379397632
544399927045283840
552846938677059586
544511151900753921
580338165824667649
499602989133594624
553509181446443008
525021358879936512
580327960638521344
552837610897694720
553548404102414337
553589880245481472
553586781355278336
553109369886633984
544514570367168512
499568802267672576
544521260840267776
500308705083400193
544328673097039873
576481588004933632
552798200990806016
500329800725442562
524956415589621760
580319856496644096
552822544341139458
524934827909210112
524937204552843268
544283387087691776
544462912644214785
552825083941879808
524944571256434688
544516142983684097
525015836226895875
524962748237889536
544458558432350208
529776116773298176
553194632520421376
500308708988301312
544300088747884544
552846565950627840
553586897168392192
524987851046658048
553107688591089664
552837012689264640
499541439962185729
544338622422335489
553118212813246464
552816062593761280
524946179390701568
553144428584398850
576347888168644609
544521141335764992
544372701285351424
576507292415320064
498302603034640384
552826150141960192
499698357397237762
576573355404431360
524990163446140928
552850379453366272
535425236871544832
544422678119981056
524950887119482882
544301786849640448
553520399300833280
499345023721537536
500299904817049600
553212333867012096
529655582882791424
500280304146612224
525010245811466240
498530946338258944
553181500104269824
552805069956329472
535449972913614848
500251535943942145
544487579048222721
524939821815721984
544472530921480192
524954630279925760
525019265888702464
553591315515310081
544280873806610433
552812984343330816
553155988917075968
500287224957898752
576248645365846016
529773194027073537
552805175874686977
529731160025612288
544280077778055168
499690351875981313
498457205801488385
552793551231541249
524923403183333376
553544566042009600
544520195659014145
553117857609809920
529724985775235072
553107939926736896
524949628689461249
524954262657581057
544352727971954690
552807783385800705
552847627319259137
544393766287970304
524979668282519552
553555389611274240
544362543997665280
553169622762262529
553127508150071297
552809336360419329
552837644959621120
544414430025371649
553567716414484481
544416582256967680
553176929411825664
552834501383290880
552813494345940992
524943804051496961
524941124893700096
553526776878469121
524936793633083394
524962450786226176
500370188970524672
553209232712294401
581315281630318593
553590880352088064
544477097016578048
553589372084162560
580347961256837120
499696137708658688
576814014438703104
553566200098488320
553490160344502273
552813155572006912
552830433688571904
553529334892609536
580333904126742528
498285529704976385
580330740086243328
500278485001457664
544310166242734080
544472800379940864
552824769754976257
544281235271745537
576397815406071808
553569060882235392
544449039433883650
553530667821457408
529664783599943680
552812188315172864
544492454016475137
544280516821024769
499426471300329472
553551225560764416
544492465185898496
576775762461745152
544280617160949760
552828308744699904
552978586559188992
544508543152304128
498279420885360641
552811533303296001
544515999161393152
498313143530303488
553215305917665280
500327120770301952
552827606715076608
580364973664309248
580342670511472640
500280847912955904
552835988540895232
529771847186124800
544274757689307136
544384255825289216
500163615555878912
525040545870385153
553110751238701058
577301582917816321
553112230292496384
544406832073416704
553129117215100928
552849316021551105
525040767317082113
500071770192216065
576597020065996800
529738310022090752
544411992279093248
544300256981430272
553120696910364673
524933764330586112
544359422726664192
500286170035523585
553102901619748864
553148926459920386
552796506642591744
544306402731507712
544515850963648512
500280477920796672
553567076728963073
553201549997277185
544293739221368832
524987107081977856
552826443965927425
553485654030446592
524991067675189250
529715547538485248
544519486167330817
576468519598104577
553582039106990080
544513339544838147
524968293577158656
553473369539366912
499691702660374528
553204986474422273
553591494255210497
544493536771854336
581305416795103232
498585089828478977
544294618758520832
581066887200694272
552837499937378305
552804491821854720
553208946350362625
524923462398513152
544435708299972608
544280397472088064
544294402366394369
524928119955013632
499655869412286464
544320939245043712
553124268196642816
580323315614543873
529700827557285889
553550301886955520
552817151112142848
552832996676730881
552835288725061635
576836412051304448
498433651835940865
524935731148775424
500351760402493440
536504937401049089
499607500187250689
544518128798294016
498507730395484160
581404604677660673
544277860555710464
580337446170320896
553198972287082497
553204017552457728
553591841996951553
525047767325220865
544351967829839873
552831761957523456
580325714567806976
553481076916883456
529731453865955328
580335102313500673
499637476315910146
544510827433558016
525020980037816320
553184451774402560
553148339160907776
553590751888961536
544350480780914688
544480936960606210
524979070288019456
500387959468982273
499658267493019651
552839270395035649
553138330557108224
524983146266505216
524945585539776512
580322346508124160
544474138287812608
553581501422788608
536825996985790465
580336661206331392
524957773810135040
580325486477357056
580325090367315968
553188115033387008
544411313779126272
553145034720030720
529757077200449536
524986210402705408
544334394912014336
544471218951581696
544462330105712640
552824456557887488
553210306877739008
500397058541379584
544288799711592448
500277311652913152
544287991959539713
525037656820826112
552836844560609281
499678305134448641
544354840042680320
524924987774631936
500307863894786048
544349773676179456
552790371848040449
524947424482435073
544277336422486016
552787144415404032
524929550493712384
552814770542628865
544321934410788865
553131566172737536
524963002768842752
500377192841609217
500277940253634561
524979756371288064
552801667855695873
524949897221795840
529702439164067840
544272155144646656
552839028350136320
544389506569220096
544292670336925696
552807071054184448
524991576163250176
544376300417585152
544301449845305344
576427289111474177
552788720236376064
544378468931076097
552982669840355329
535438499432771584
500367591773179904
580320893668364288
524981436252950528
500210207986028544
544389770009276416
498280074941313024
553484780093050880
552808461940301825
552834961762709505
500288284195426305
524955850591334403
553197212726218752
553206096131670016
544427216516698113
553591055833382913
500287313256402945
544521880661950464
553211397782654976
553540934118694912
524944146025312256
500394005419409408
580350403734310912
552817061203050496
553585862987235328
553489837542899712
500382265076379649
544477404342018048
524947964620701696
544372465078505472
544282877278814208
553135802495270913
498277231253127168
552825739075022848
553539631149756416
552812811651272705
524955557686284288
552838134627860480
500292806175236096
580320945740480512
544294893146091520
581303989406314496
576548875072335872
544512691948498944
529818929607475201
499602333404504064
499576743967993856
500413956230365185
580326012749221890
544355417900716032
544409532324413440
580882417117958144
544516381031792642
553195806899970048
544489539348471808
498274493337702401
552843285468020736
553484530804613120
553526191399776257
544377463581581314
552833795142209536
581258923065389056
577303162765250560
552807236339507200
553572111441465344
529680484402749440
524947129354420225
580699430690656256
500294349872062464
544305463048015872
581061272856326145
552821862850637825
524966572277129216
544400775775289344
544316814856306688
500355259341242370
544492053900836864
553487579077550082
524950404283772930
525030963781595136
529729911926583296
552818368487911425
544426421331169280
524935246647926784
553486439129038848
544271743331078144
580328198564651008
499653470417199105
552814317096407040
529722176380076032
552837527640363010
500283291493494784
544286833362747392
580329153553141760
529540733020405760
524956294395224064
553584366803488770
498272309535191041
536831867329466369
500360596995731456
498452664527511553
552830864187727876
552789196906459136
580377986941206528
524943114885427203
524942946765131776
580320684305416192
500359125310922753
525035832336736257
580335608477982720
529723023591743488
553187649943384064
524943504192311296
580329455173967872
498254340310966273
553542093683974144
553553288625672192
576494415851626496
544308531684335617
553209983845023745
552804769241526272
524953918166794240
553563750230683650
552813223360352256
500305514447003649
576316647880839168
535828163402543104
499610913112989696
553466230989144064
499592320900431872
552838710296080384
553540617540624385
498277674692149248
544403564077260800
552848704819183616
525009850104037376
500347948635791360
553558131369062400
553190729447919616
524927695633666049
524949339131904000
500320316602974210
524941529928839168
552814280471367680
553116528074575872
544361776020586496
553102828743716864
552794995942772736
544312732443348995
553578191391301633
552830684021424128
576656873681731584
500358977046474754
581299354431987712
576643337173749760
544391412075069440
544273050188148736
552824462958395392
498274692873351170
553174353735872512
552814766369284097
544434964985421824
529638205013123073
553480702067736578
544520654431981568
553540381187780609
544410900854091776
580320242020290560
553590653784195072
553131791553667072
553186515359379457
524958250706681856
500347114975944705
500277477986828288
524959630158725120
498256407980826625
524924346411020288
500429525558505473
580327197921120256
499689438092726273
525023610243928064
500420356621213696
499659628645720064
500317687239966722
576770693683105792
498584409055174656
536825223061180416
524955170200121344
500221671245377537
552806624046641153
553525347266740226
553469263650906112
580328708675887104
544354175900196864
576771847754268672
524940803601227777
544339368823894019
544406288231174144
544447054034919424
544484918567239681
500263680026869760
553590427216248832
553503846258196480
544287252306997249
553214219899117568
553543032642220033
524947030616313856
525027651908800512
553591475830009857
544356997718900736
553501469388058626
499690835059814400
544451052679204864
499362269269336064
577302850318938113
581061914001821696
553228537084116993
544424408027115520
500379259698176000
524965701535412224
553214700155330560
552980862774808577
544477802255630336
498492636630896640
544311959483473920
544369574842347520
544472595140063232
500363141034020865
580371847335821312
529663474079920128
553528788383191040
536824745459998720
581287795991302144
524990519777443840
499673760484433921
500354853680340993
499681614549377024
525034687245582337
498292200955195392
498301635756838912
499700579527299073
553101388926840832
553104721503088640
498302874531553280
499581469027618816
553579914717577216
552802099331735552
553195852643442688
544384662765068288
498297336968515584
553575450329378816
552806056154644480
536845577938432000
552792802309181440
499501246907432960
580706841769820160
544519788752818176
524968564306882560
552789550238801920
553205372719472640
544296465619619840
553218281705066496
500308900957405185
544278335455776769
576249853979807745
553582801833185280
536837810805039104
552848620375261184
544296373466562560
552836913091330051
553539252374757376
536127932918681602
552812040926941185
552806890498191361
499698828845780993
544401675789033473
576181101577703424
524993172271665153
499532858399412224
580327058158551041
552832142397296641
544375969687953410
553566870750908418
553591548613386241
500298847550472194
529726656941162496
552824705703763969
553575803733426176
544396078125039617
524979925343014912
580883864521818112
529723023184498688
580882302621843456
552979571021447168
576842803013091329
544420067774316544
500386619564650496
499540195734065152
524964948683005952
500212911856295940
552827133500719104
535822193150537728
576853097445752832
544281014768795649
544314234541469696
552816497740251136
577273752796282881
553190655011205120
544509140911919104
499697729225105408
553583376398319617
499595283504701440
544381029537312769
544380980677857280
552832738542514176
544306118273794048
553488824656203776
529723708207030274
499402643869929474
544453251068743681
499472596853743618
552839869387399168
524939818347028480
544373945206460416
576326555246415872
500319675797209088
544336432609775618
576816930272776192
500281131057811456
553485452943302656
544376532161298432
553580499395174400
552793552376569857
499437429690888192
552825783337897984
552814076167213056
552823984358977536
544324444773433348
552982613288157184
544491151118860289
500303864495882240
499446567229603841
500293830827331584
544336408144781313
524998110268096513
521359863884967936
553143905039159297
524926528342487041
500287538578587648
552791414388424704
553463773844238337
524977651476623360
529698410879025153
529762820108607489
499704336935821314
544443377643954176
581387966125248512
499704658139435008
500294803402137600
525025695425380352
553581958455123968
524927356830760961
544462438310375425
524973811092193280
553472557978902529
553142344166301696
544515215576948736
552837310707171328
544283745939767296
500308546815131648
500312670260957185
580333759125458944
552795566242279424
500176026882678784
580330690807394304
544312065637097472
544419008615702528
552847370489430017
553555600911925249
525058578365698048
529652269105815553
553581669710831617
552836100814032896
553131763468603392
552850022271033344
544389911630340096
552847035108323329
553227238829981698
536696108823896065
544301012492632064
524983403775799297
553589869810028544
544334477011349505
525050193360613376
499643185581142016
544475686740967424
544344684685189120
499703254637219841
524926184069808129
500270780832174080
552845267289247744
576592351776346112
524977669902172160
524961561677680640
553586860334010368
544309060883845120
553219770053443585
552795953301045248
552826724774592512
499377470697926656
553509591888441344
498310006169538561
552821810224304128
525058976376193024
544519245087121408
552982635178635265
524933534692442112
553476073703620609
544299916252573698
553553813542797312
524965165759221760
553172148085620738
544409517224898560
544279262547935232
500378874656854016
524925600318754816
552827966950866945
553563780928770048
498323364197699584
552835221859483649
500378338582884352
524988712367955970
581274406804025344
553543144172969984
544286688436969472
500353295903637504
498506343368519680
552802117908697088
581293685041557504
552982816045408256
524935906596499456
553152448077258753
544462825952133121
544346261365600257
552789583260577792
524930678983753728
500070913836982272
553185825065009153
544273563872538624
525025552634494976
553590459688570880
500422447623966721
553118438332571648
580882906014474240
529735664347406339
544289311504355328
525012912562536448
553196263064498176
544365585417527296
553200726403710976
525051365195014144
552979466050613248
553470140042735616
544293021995393024
544277113683980288
525036180379676673
529654388269535232
524956648151191553
529738126026358784
552847427410341890
544440498594017280
498488195047096320
576388172109750273
552824162969210880
536783143865688064
499357289363431425
553497730476015617
525057025785356288
580333946271113216
580333827425439745
552822944603582464
544401367540834304
544333020023754752
529578734102523904
580336127699087360
553483415954411520
498510381774819330
544274797640044544
580370309884182529
544419029905985536
553533859032477696
580320612155060224
553212338728603648
500176354185187328
580326978546495488
553156573607251968
552829386773516290
524955243185176576
498301902048997377
544403526773125120
500309222635360256
544290611856408576
498274948772024321
544280739290677249
552842140188147712
553515399438811136
552823940440403968
576475228928385024
529734565599121410
544282015487787008
544292146342531072
525039208139087872
581261457725210624
499696744155062272
553227906449960961
544441034948636672
553175451506855936
553540355317334016
553216874130206721
500298315368390657
553137946740932608
499704416937975809
536832547062165504
499453410744483842
500292202845982720
553177082566836225
580326073776357376
552804301316579330
499638207987089408
552825211654246401
544352874969698305
552795778922864640
544518445870497793
552799606833430528
498275621651636224
553181586829484034
525044678765187072
544352649978843136
553589914684895232
544378769952505856
576723588952276992
529648547864399872
552805830677258240
553174639158231041
544389493273276416
544494058287423489
552984502063337472
544316576645017600
553497835371757568
552821659103940608
553555979238129664
529541962639355904
553479280014151681
544334431830286336
544329935943237632
553128548526227456
525023025792835585
553206304396038145
536835327584141312
576510163596795906
553586978017775616
552814627399012352
524948790227517440
500279951275606017
498473515302260736
553462249562832897
525071809226346496
544407139205132288
552806757672964097
553131797379551232
553101451271352320
553487971497041920
553146691344695297
552979279039197186
500416861016580096
544427461136502784
524934090542182400
500278365031370752
529702456348139520
553224082213601280
553145603665186816
553163862707818496
524969679790817280
552839972911611904
580328000400564225
553506608203169792
580326111311171584
498317138554150912
544518337498058753
524972166006464512
544392353717317632
553145137086607360
524974975623892992
544277728930062336
576892395930955776
544425494763302913
552847905498103808
553207514222063618
499650640314777601
498603999252467713
544414686935285760
544513292576641025
500287595403022336
525013278343581696
525007810871164929
552984231748829184
553532507623546881
536846436537999360
499358869492367360
524962142563610625
553138598980370433
544348695076954114
524925124303396864
553489907524829184
580332410853789696
536836729190105089
580359480782786560
500388199064420352
552842042242789377
529713467184676864
544287499397242880
536824260615237632
499464258183114754
580883510103281665
553562446456422402
553542442373619712
500359983301939200
553583847850663936
576820722426839040
544298663061643264
499700083265269763
499387698390790144
544410806167678976
499704570134941697
553536236493615104
500280249629036544
552797638807281664
576819219876225024
529761572881985536
544514207933542401
552804394727927808
499700906384842752
553588178687655936
525030331775463424
525000349648949250
552822314157768704
500363831957135360
544519577733173248
499600140580044800
544331918506872832
552812951208722432
524946921547628545
553152400832606208
529660746645647360
580327924978569216
529730804688375809
553496489641902080
553573633395015680
500347484154372097
552845255796461569
553545000110538753
553169307824177152
524945814796644352
535960367055118337
553503546382249984
576470720328392704
525051210349289472
536830857403961345
552828400843620353
552978642968780800
553167814941761538
525026715123601408
552851772658561028
544414634308939776
500070716650565632
536805431360749568
552833527444566016
498284334806495233
553535227214438400
529627936622931968
580333915275165696
544511199702822913
544320179560525824
553149347777753088
500314545345552384
553223992300285952
524952322703900672
535967306799538176
500180740127342592
544292129972170752
580370249712697344
576857359533789184
524941727753568257
544493466836017154
553151691512492033
524976963862429697
500289154581008384
498281104865259521
580885187837325312
552801724898226176
500292129802186752
529643568873230337
544272701108797440
553144712920834048
553543369604210689
552821730100924417
500349179848560640
498524570593140736
498294815579467777
552786116404072448
544337689676636161
544388259359387648
500279571988877312
544329092100005888
552851546384646145
544323450270392322
498616975850225664
553222038379180032
553123329561743361
498305825341845504
553480257747963905
544521433473634304
524951893467234304
552792518870708224
580344006682505216
544313370892324864
500379055594946561
544517500118249472
544427255439425536
544492209861836800
524953767402553345
553539504146231298
524958384060366849
536844180887449600
552844104418091008
552832584045330432
553586421626568704
525007169956347904
553533499643547648
552805488631758849
500335355904540674
553570914143854592
544387669766451200
553570681619640320
553535221828964352
544521948924248066
553560480586166272
576171827086520320
553164381673259008
529716182438653952
544520949748752384
576831447299796994
544466608450580481
553469523945590784
524949733983657984
544417650680823808
576394422813769728
524941041301225472
525029433632366592
553515827073261568
553161476928978944
536839580419231745
544295871592951808
544391323214573568
580364934011334656
552822873773993984
552812416485294080
500070108099002368
498293625420148736
553151132949053440
580336554406711297
552836516775354368
500376891623079937
500413489882484736
552810166744547328
544511263788003329
524991119164473344
576499275754041344
552798891994009601
552826270866616320
552830674357334016
544318880001560576
544428421745741824
552847251207241728
499526002469797888
581264214809022464
544393165101613056
544446269968908289
552840728116994049
500350150695743489
524965406377664512
499676350064508928
524981463033581568
525055052801515521
524970142719963136
544520802339917824
529691342168141824
500072098178813954
524933380929245184
552823691500072960
499611719090450432
525023057526947840
544429942323167233
577300802294804481
553493510306152448
529627432996044801
553586538928676864
552816932643405824
553489393202499584
580366761398239232
499366152049803264
499504676250066945
552851433247477760
544298376851111936
544308156625481728
576847727918739457
552844436460560384
500352655827279874
499349252938956800
576833011955679232
553556060569862145
524944178586091520
529726566646177794
576516069516525568
553231607449276416
499655603405725696
500260514807947264
552804328319504384
544447757860483072
524957925157384192
525070811439579138
552812098057936896
499457882144796672
580365806720122880
581325025569030145
524970731202166784
580351149619953664
552839518974660608
524947368865964033
500427786159681536
553200552142983168
553542245966958592
524951948337098752
552823108537954306
553231667523883009
544509519179816960
535919972439322624
525071376084791297
552793539856588801
552819155859431424
552840905213083648
580699825030754304
581302544116379648
580334309422161920
552831881847533568
525045145079533568
552822330141851649
498318192000118784
552840067199533057
580331913052852224
553591084409184256
580326744357515264
500302383747194880
553547836517007360
500430445830365184
576344015458570240
498512590260023296
524991844292521984
552819316702199811
553232704708546561
553531783992868864
552978225094078464
544274364288364544
499585144416514048
552836968410021888
553198344034865152
552981008518500353
499693411503726592
553221319345844225
525027116287811584
553574345235103746
553583867664535552
529627706057834496
553535467065712640
553540872986705920
544404673357021184
580330104846475264
544497191155290112
553178273895956480
544274585697280000
553151700950065152
544287425380360193
552985855854661633
553582011324329984
525005137405018112
525027873867198465
529728291545284608
524966946467749888
552801829290270720
500307001629745152
553147341470203906
524926698165633024
553530513580118016
525011494896148480
499679142766735362
552835794646212608
498254540870017025
524970488590651395
544434195469045761
552825459546030080
552810249263259649
544309113694740480
525033357722550272
552824742097719296
544504183341064192
544274879055675392
524952883343925249
544405871703240704
535556368552714240
524945170777645059
580330721719508992
553157352091025408
581063377226637312
552829622128500736
500419556629041152
499439795618480128
524945879455653889
499669671034257408
524978172110987264
544287083343671296
529722357267857408
580317556516483072
524962199543230464
521346721226711040
544478625383608320
552808776492130304
524975642379816960
544436279442546688
524986820850106370
544503881527742464
544351356824604673
500312651797233665
499355083734519808
552802654641225728
500402908740210688
524932558275235840
500408829696544768
552807528070131712
544283714751328256
536831866721280000
553184958958022657
553588494661337089
553109813807575040
552984347754897409
544480083982168064
576483978363973632
524969501704855552
500417151346696192
500197999205965824
552850282410176512
552837775498964992
544302821450207233
500280838710247424
552807054268956673
552829395690201088
544401106617786370
524943976902971392
576336032809005056
544281589749137408
544266241511133186
552787878351474688
544391085150457856
500402449501286400
544285213891629056
553484619426062336
499400566397607936
552982443511144448
580324933525467136
499349294034743297
581063730319925248
553585504093224962
529707148537004033
552837132491186179
500236187395571713
521310417696858112
498609222020780033
552844023996907520
500396027342376960
553511977478537216
553159810179661826
529738730748534786
552808487924011008
580330369603366913
552810359409897472
544434475807936512
499695918547861504
544366036498542592
544398512931086336
544351885298130945
553592108699758592
553536397731442688
553550448154910720
500372391407931392
544461661055098881
552820150345297921
499605248747786240
524956731638841344
544374422056882176
576524931409772544
500409399865651201
552831978522021890
544292798887784449
576338406088687616
544461947882586112
576465897637949440
544355845489065984
544415616753745920
553583809602801665
552836695754678273
544292342430449664
500322486362202112
553587672137334785
544463778780557312
499364508641808384
544416939867529216
544439521236893696
500303431928922113
499699989237747712
544519358090084354
498492003903356928
544416818711252992
580322653472493569
544470843997564928
552790074166108160
544380433014591488
553143017922912256
576780691616198656
500320286341099523
552838551071911936
553214576956043264
524949021744713728
544519635916169218
553571432475951105
544415318345396224
576889864907427840
544314301067304960
552830850279424001
544321311250468865
524964929083023360
535711053686898689
580336849534648320
544402785966772224
553592195786506240
524958173245870080
581063928953876480
553192641328734208
577308426902056960
536824581341073408
525046462460477440
544364507342979072
499453886474637312
529725387400835072
500431179925823489
552815387759616000
529733015862513664
524981557770350592
553219651594125312
544514538797035520
553161360503500801
500297358908071936
552847218403581953
553148844574511104
553518053838061568
553505858811080704
552984474729062401
500072455931588611
544281012708970497
553554585634496512
544512398628241408
552826580741795840
524934897367285760
553185062829948928
500278944881725440
524927789892653056
544300674448887809
529735706386898944
544491160803106816
544421245698056194
580362323283615745
544450580367024128
544470398881259520
544511773223968768
498284429333524480
499698825020592129
553491540535156736
498263598062661633
529664917239250946
529749285198655488
544520586576547840
500358907383275520
544434192478519297
576406521833086976
553554351633858560
499405013261635584
553473629854646272
529731513613836288
553541838494515200
552808620187217920
500298091627823104
536826754770685952
544277650714677249
529716453792956416
553528740618436610
553205427253829632
544508411178536960
552834182905221121
581301262269829120
500358061698347008
553178341596233728
544316046379716608
553518024272379905
544356213837017089
498600617645199361
552844893148938240
524954161054756864
499657337985323009
544435863946416129
553587816048099328
529726966178787328
553139825008599041
552790875492073472
552814845016694786
500314788610985984
525033625788907520
580334678340558849
544427543336464384
553123078541434880
544319450569134081
536830979714056192
580326871302316033
552833148128862208
552826992509599744
500237448798949376
580330302251393024
553508524320653312
544360928603799552
525052332116312064
498248415223246848
536824746298843136
553590961486696448
500397785246466048
544309497041133568
552822076676255744
535386605666979840
500375545918803970
529730550169624579
552985973445783552
580319999887347712
544518803225604096
576321916593659904
553146494271094784
544514883484520448
524948206023880704
499692915954704384
552812623658762240
580371776619839488
544301025079730176
499490314718310400
524950339074523137
499615655906533376
535986492879810560
544318036715782144
580350587289604097
544519021702311936
553144448452792321
553525290908262400
499394221984714752
553478014785187840
544288856263360512
552808135006887937
536843350281060353
499381321954000896
544519024156360704
553513403512532992
580333314415919104
524989654995849216
544395106426425345
500350777844457473
580336326634962944
500298588992593920
552845542536261634
553119235904643072
535966185477931010
552814137857036289
499688832300630016
552800045096259584
552814983797821440
499697648866045953
500324234821124096
553108170726719488
500345408150065153
536847243631149056
552804839886184448
544301455952588801
544305999994421249
544337283801829376
552846353416867841
576767882945789953
500360094924931073
544274934835707905
581287108607811584
525055967076290560
553531130163773440
552829046485434368
544511558173601792
544268900351766528
552816020403269632
524957752138149888
553471193110421504
499696948296028160
553535829529100288
553127086706397185
500302115458523136
553573066455134208
544415425140776961
553166766977740801
576770854803107841
552808669646036992
535463053190778880
525022700923019264
544308888628387840
524951585231994880
524952005157347328
498320854707896321
576453994484252673
535951209316642816
544355987608444929
552838341843226624
500318336719134720
553546679161745408
499652628825899009
553171056589279233
544384825332101120
576855835445428225
553586393189212161
544511915158810624
553556728651210753
576794158108581888
524995776578330624
544294890343915520
580350000074457088
499611069565112320
529705050453835776
544484477930467328
552828872379875328
529645026452979712
544395712130449408
544470708093747202
552836095332081664
499359735947087872
544312118497914880
553106334607228928
544283772569788416
580359809041604608
500426437392732161
524928960615186432
544465890218369024
500360889347096576
529692613780439040
499397048878501888
553152395371630592
524955062486196224
500364250461003777
524958992330522624
553480292498153472
544374871812472832
500426667446513666
544309275141885952
552829637215408128
580342519516512256
580882701063979008
498283038338711552
498345343629541376
553567732126736385
553216909022605312
552806309540528128
552849968546213888
500231484725161984
500287479015292928
544428008258297856
576829262927413248
500249630664560640
553209912550240256
544298507868200961
552827123963281408
552806610490646528
544443259804598272
544325779199258626
524969878823137280
544508725420380160
553511279235964928
576872037089566720
553538483474534400
529729262593773568
544337383215226880
580337583508570112
552803839490150400
524976857822011394
552850603714826241
536828694107803651
544271185903484929
499448210789007360
580323992843718656
500282674200604672
525035552643751936
524974786460778497
553206989925658624
544338575240609792
544310853613281281
552984511051751425
524999079127162880
553591760668991488
553129378969047043
552839167575883776
544277607723048961
524985092343889920
529671440829005825
544489340584222720
544389639046721537
529644561770217473
499445575956578304
552832291601674240
529651454832037888
544473507594113024
544287203728556032
553218599390040065
552848478196736000
552839416620658688
553198268436344832
536835011941396481
553157600704204800
536826643122503680
524937542131793920
553540719714271233
552818870281850881
498487611963744256
553125364520992768
544287902079803392
552978225010184193
499401831874043905
553152208691539968
524935345998422016
552805638024077312
544280923923959808
544506347438735361
553162589744926720
581295858898989056
552834411553886209
500386524416856064
552811386259386370
553226479904231424
553589345186111488
553126492579053568
544518590104621058
525049044201377793
499410901033054208
552824383816073216
498500813845966848
552827819521085441
552979275776032768
553203041705664513
544291619084959744
544466920880492544
553546292748898304
544427133398175744
576320540983582720
544505129810944001
500282606316158976
552789252690706432
553230614712033283
552978376424964097
552823829333291010
544471469527691264
524951439417044992
498285556502372352
500354773133299713
544276027644850176
499684402616864768
580323498905702400
553197181151481857
544389986809036800
525030696738652160
552835339325558785
524971386838978560
553474232596701184
553146248652681217
552830862585503746
552850533523136513
552795056080691200
498300256678076417
553523303453696001
544391176137089024
553538304332017665
552787599031828480
553186670871597056
552793759210307584
500270055540916224
544508666724876288
529733937170771969
553493785523400704
553587511864598529
580347068457308160
525047104239333377
544294274674593792
498341675476217856
576402376073965568
544514988078280704
544520042810200064
544519480018489344
544342204576038912
553164185006534656
544410895602839552
580327576218046464
544391790615605249
553145236268916736
524980579956449281
500363024926900224
576815329172590592
500422971320963072
525057374965739520
552842814061424640
499517463457849345
553232137931849728
553544039241224194
552818301530025984
552812775907422209
553184390260338688
524928863714168832
580372806178881537
544420349052342272
525002243100401664
544388092552294400
544506443626741762
500328049058279424
581274572823130112
500266427840864256
500287295485128704
544495066258362368
524964278030172160
553580959661309952
553144384737525762
524946609453678593
544483404528775168
544427753785659393
499346625760751616
552805596198871040
524994218964815873
544354418938740736
544483003758419969
500359897557790720
576238005951811584
498325055726559232
524965242213007360
553555293645590528
553156988356820992
544450710926934017
552839843999645697
553591679341842432
524948264148160513
524950203476869120
498556324868009984
552816686752358401
553527964856352769
552843174218321921
544351179044425729
544486142763347969
552829129356496896
529695367680761856
553467311261503488
580331192316198912
499691429359517696
544511736465072128
544405761925738496
544342743003045888
544279103864860674
499590929611640832
553137713163943936
500324836355608576
576848770136174594
525012561214058496
544444661859749890
544338731210399744
524924225463668738
524964564018790400
499697194325114881
552834033600966657
553546878902861825
576552070456741888
553535971959275520
500298981558063107
553195969282867202
500360978387976192
553153740925304832
581291208506376192
500296158476906496
553117423906590720
553108242856177664
524979152944779265
544449562552045568
498476761538371584
581411131547320321
524942058042449920
500300813835988992
544518859290464256
498317308771987456
544512108885725184
544415156659175424
553521697350234112
552813420136128513
544379787246981122
553227288859664384
581247335998431232
499682060793937921
498586725502173184
553468593141469184
553115176057065473
544350985142173697
500377145349521411
524976313766273025
576325381990535169
529725420162539520
553491005971132416
553582251616010240
553172609211596800
544494721872433152
553571541578174465
553589606307090432
576508971923693568
552829571750715392
552827848734830592
553221281181859841
544419162001383424
524980504324358144
553164985460068352
552813549291315200
500315532382707712
524951696376487936
524944881941495809
500328451929559041
552833942777511937
553174536028303360
553197197618339841
544381144620216320
544290995462889472
536848662135980032
524924660480487424
553140461540343808
553544419602104320
576850639600357376
544510450101415936
544438309267578880
544402012570284032
552799317602615297
553584868685520897
581063145256538112
529740161144602624
553210869010935808
552837907174948864
500302577557573632
498489114384420865
524980219749597185
524930671220105216
552820331204055041
552840037642297345
553126072905383936
552791159232540673
552784526955806720
552792193992519680
525006356731166720
580336348764065793
580328783619579904
521350916872876033
525023642007371776
552847959864274944
553145755079569408
580328029852856320
580330591826128896
553500932521336832
529695308302000128
544317438079139841
552815443959091200
500278045597368320
576319832800555008
544328059482939392
544367862211952641
535772174053687297
499584511710351361
524987184836005889
544384394337611776
529695075560071168
524988555178045440
544275733607366656
524974885362479104
524955317201666048
552791115599192064
498265555833720832
576794571629166592
544372545219489792
553558126147149825
544378515378814977
524943063937208320
544511865729323009
580884605097664512
544514569339953154
553538939076624384
552816288935202817
552826238407294977
552822465047437314
524978196589334529
580369978546917376
524945101542678529
552828504060874752
544334623023452160
553538523266318336
524978422188376064
500301519854379008
524984773211860994
553589970775343104
525026031833718785
552851421155299328
525068387899031552
553105208008773632
544462918465503233
553555593034596352
500359356589019136
525056576038518785
525070912199335937
552838324977545216
544452969702236161
544487291465392128
553552772277481472
552828658747187201
553151804046082048
553555948883959809
553536887349325825
544282355989753857
580326370640818176
581246782765719552
529691396098510848
498463733447163905
544298959993200640
552849157694947328
500411055315910656
500256984768475136
552826524467216385
553588340432572416
553591317478264832
544298346345947136
552845136414380032
552809902956367872
544428082749132800
544350712365207552
544446828654366720
500072137374171136
580337440738713600
553561762466115584
553542565593878528
553215362058440704
524942851944493056
524967572689522688
524949837729787905
529667934697029632
553537235463979008
524961016904294400
535804563832315904
580325799078793216
524953569762766848
577294310573502465
524948618776944640
544378232624410624
552791034447794176
552814566594576386
544502782267752449
553208762291339265
544338698750664704
529664593921314816
544515097625108480
524929769469538305
524936365427806208
552789886202175490
544465934149513216
580352455952732160
552794157484634112
525027539845410816
553476471470432256
525041091507388416
552837561119686656
524955251464736768
524950584349454337
553586275438301184
553531971457265664
576497758862987265
529696730607271936
544488899100147713
498474263255330818
552794286849536001
544429467968339970
553522808417157120
552849865680494595
544486187478433793
500395231305826306
499703127193305088
552821282447040513
580336766663540736
544385535909715968
535450182142672897
552838479844216833
580365368805486592
529671725865111552
552833941930274816
553229948153262081
553589419933196288
552810855503757313
544284526684286976
499700824432717824
580352792700821504
544355218251452416
524928195011698688
580330362070540288
553139573019406336
500301494340419585
524957872296583168
500383514567925760
580329096024047616
544395613043818496
524976835881205760
498529979672842241
529652689471569920
553584173420920833
500370960093302784
544302827330224128
498535462349582337
536844329000906752
544316978278592512
500360244187635712
553591049541914624
524932792925569024
525008469385302017
552821475066281984
553115168084074497
553587708367765504
524929497205055488
529728664137904128
580346835295997952
552822887988883457
553476880339599360
524949828711620608
553110609513177088
500319233558192128
553126517027262465
553514505633017856
544341194822520832
544369653015801856
500284377490665472
529679889923076096
544487556700598272
544490782183657474
553517080637489154
524927288077746176
524927281048080385
581479017770979329
552844100224172034
499706211093471232
498255721260400640
524951625556066304
525034332474601472
552831705351225344
536223820131360769
499665704300191745
576794571448909824
552800223496790018
500284091305299968
553555156391186432
524932574909857792
576276947648405505
576889130258419712
500251503903662082
553131554743287808
500247508195749888
552851305023414272
580885455257882624
524931019745812480
500360558806568960
525046232209956865
498602798687469568
553542235661553665
552805450350362625
524922507380670464
552789127792717826
499444325646757888
553562832001048576
552788555584765952
524958383468978176
553161912968417280
524983366261936130
544341406094213121
552807834434699264
552984940900384769
552804668951511041
544373513407062016
529721745486659584
524973223356940288
552843236797349889
552980288394231809
500165620835840000
500192488003354624
552824126659104771
553214939838836736
499697848737210369
553149253363576832
553120849231089664
580328582993616896
524939327399559170
536050365406253056
498486850521423872
553143519536500738
553157114156560385
576480712699744257
580340476949086208
536848241556721665
553542417673367552
544412083714928640
544435685864660992
552846811359350788
552818868604129280
524969144832491520
524944006577668096
525045709402148864
544445364322197504
544500883963518976
524978999534317568
544469609433563136
580399487740297216
552848961372176384
544314020539289600
544357563534680064
552850079074099201
535415869862473729
500286805720449025
553547629963911170
553516197283893248
536760961692999680
576185920094908416
576323086888361984
553585530504749057
500402804910206976
500293872162205697
525069912679923712
552791831390732289
499411596255719424
529723362894176256
544483282352889857
552851679905734657
524970097711267841
553162815402672128
529706188032999425
500325220193153024
580883100533690368
581248880098086912
500281037486698498
529634428734423042
500407038800056321
553219047048105985
498287166909579264
580336341080260608
553567850301231106
553524086417424384
524976980799000578
544443266926931968
498286202077085696
576362213134454785
553235271169638400
498590686065606657
498544167757570049
544275597464444929
498269365175721984
525020620636307456
580347464907153408
552817918220984320
552847488571678720
552821570423771136
553201523577331712
498294248488574976
553569512269021184
544408293192368128
553589860892942337
525058633730891776
544513557912879105
553585840270876672
529664525768077314
544293069957259264
500306548841660416
553534768537939968
544484515742482432
499695028407922689
529746217098825728
552810477940932609
524950159160250368
580345253179342848
544492614838673408
544442448965947392
552796269069209600
552797058990870528
544391471458451456
581386155083620352
553470977972375553
553103772852191233
500382073593405442
580319005703069696
553193866057506817
580319206400475136
553588012752568321
552790565642067968
544280217104031744
524943615437848576
577294068851421184
552833268362772481
553464709899616257
525027317551079424
576732099304095744
499439571520991232
553155430055440384
580388756043083777
544463201875025921
552814216550563840
499478126570004480
524969483317026816
498280126254428160
524943638812299265
553574650450825216
581063753837481984
500360018928353280
524961362448240642
524981565462704129
500329864017498114
552821810572439553
544520121436213248
552836829234614272
500361647144574976
498530293116968960
553572914923323392
553103832717094912
553209341520535552
580332380436709377
553590463354380288
500277472068263937
544290780991725568
544390130682068993
553583670343524352
544515517546254338
553110780745629696
544418204508893184
498250100079341568
552833432540430337
544455530756841474
552807904597008385
552825844755083265
499478732315566080
498531639472189441
553562348376850433
500371231183745025
544404937380093952
552811772038881280
544468997916614656
498265095559184384
500288971197263873
499689349420568577
553559095798931456
552813988644659200
552817391181103104
500328758201815041
553124985137815552
529723807591038977
544467299218886656
499696733979688961
544427333969805312
500286460210462720
524943226948820992
544433739539812353
544286172109758464
524963649455407105
500405384503238656
544390718253699072
553546967281061888
553490238979727360
544319832486064128
499553593041903616
544332254068350978
544332519861022720
525053517531062272
525028955049320448
544518033902149632
552831230735962113
544492919567417344
500281094239817728
521361857810939905
544290967369428992
524925050739490816
524942952733220865
553229592480481281
544299029601861632
499692589143298049
552844593046097920
524998906799988736
544470979842281472
544277817987330049
552797406094716929
553177099843149824
552819936343883776
553192373728342016
529657418985525248
544319395619958784
580340423044018176
544329431998038016
553485866346483713
552807598966059008
576807652145160192
524967298604359684
500382437655207936
529724755906400256
552833197084778496
525049639016615937
553590881371320323
576713397196210176
552823029680852992
576319105965359105
499456913902284800
552790695036321793
499455799723184130
524982531075371008
544284957766463488
499689919929798657
553201965002653696
552822696200142850
544280765111218176
552825402872590336
544423787949600768
576859807388418050
524949526487265280
499590048313262080
552796619104866304
524983236712476672
581256908251758592
552821977061556225
524941720249978880
544309893969092608
553558611306090496
552800929519792128
498322865843109888
499697498072420352
553224215676354560
544383649131806722
500186818374270976
499695460358311936
544494312206000128
544411585070911488
529702197916090370
544401029211496449
500377191029673984
553124985900785666
500296080710705152
553229808260632578
553558824720666628
552804592988479488
553116915325870083
544287165912735744
544317474498703360
500280422295937024
552983615747796994
577298811460128768
529727601280307201
544301925735202816
499560002341044224
499642374428307457
499368533378498560
499651344622694400
552802128688078848
524922078638903296
529778109290012673
552822450824962048
524974566830247936
536833763326820352
544518707825750016
498486826269548545
552832019940376576
553574709669814272
499404849835175938
552835109372825601
544341124614459393
544353257175654400
529630665168281601
544301900682629121
524959778125385728
576769677592039424
529446466541326336
544407393451646976
552830151650967552
544272561266503681
553502446769942528
553188214522249217
544281689233850370
553105121526427649
524942548066791424
500290456845299714
552982263907241984
553171877464920064
552823198484819969
553127274829328385
500073002101665792
544396587192311808
577295940278738944
529695483661664257
553545782050045952
524961659685588995
553587735613952001
524939378552864768
500073277273165824
552838105422913538
553551598954491904
552846893588709376
553557308937363458
552794514424102913
529733930199814144
544466903364673536
580320161082830848
525024066152169473
552830781656428544
552841583251701761
498310720350863362
524955388190662657
580882341880446977
544515489016594432
581266400192307200
544335202923737089
524941504796962816
544317139323473920
576600087066869760
544520690490417152
553159290987364352
544496602262806528
553484365012148225
499364522038394880
553475430897156096
553586510260629505
576423157587906560
544350087020019712
552815332931665921
499554248292458499
524964630221705216
581405344288608256
552802714816905216
524959836778536961
544435030127161344
500306187624407040
500336040440516608
552787544837197824
524934673760530432
552800070199148544
529648452511473666
544394858405060608
499683602452717569
544343625069379584
499620598994444288
544449632131375104
552980557836337152
552821030117711872
552811606640721921
553124783043649537
544514127197388801
552785695845396480
524956383318650880
544361266718846977
576694748095782912
544426163964096513
544365039663083521
553136053112950785
553486601146617856
499569344184340480
525070461936222208
576464933648371712
552815712327454720
524968337747767298
524936881348558849
524977767688200192
552798832359374849
529399936434327552
552819350504493057
576781604821053440
553126953268834304
553590750701551616
552786340958715904
553566829273423872
499439550029381632
529714629745082369
576389199202496512
553145690424344576
553148900811759617
576789978795155457
524983395026497536
524960247518330881
576867083331497984
499536812109742080
553591411602640896
544513407400304640
552849515271958528
524947149134774272
525069189447704576
552821437678223361
498602841335169024
524948703850029056
524950321064607744
552802098602319873
525058825909731328
544308188909027328
552788007603142656
498286045843435521
524985689905967105
552789443644751872
580333881687195648
552792913910833152
500320235841265665
500357314722156544
525021083892994049
498349598197702656
553224402012078081
499693137670205440
525044004287971329
525059193074487296
552814494381256704
525052223030845440
499700279412281345
524981513637888000
498515980205948928
524923610851729408
552829481962835969
552811408094945280
552813160110252032
553121581187485696
552834732325879809
553115236992290816
524959390332239872
552788886355996672
544439832466817024
529763844176896000
524976526891417600
524995166953033729
553222048924049408
553576849943826432
524936872666353664
553544336475168769
500393152444772352
544288135564107776
544385641975676929
544517624114081793
552799669521481728
500388703114895360
552783238415265792
536439239118831617
525061246702587904
535524640031256576
552785367972450304
498303288295817217
525037540508594176
553473559352606720
499520839860367360
552812572731527168
576777148217843712
529660296080916480
580350166005248000
580337320508919808
524944981753356288
498300897051807744
524944610985263104
552831524002103297
552817146166652928
544420375224791040
580364656608428032
524950117192044544
524977992683237376
524943812339437569
544443959662358528
498455001463664640
553186026811039745
553566877956734976
544407157077467136
552819986834923520
552833662593400833
553566644006817792
499584606878715905
552821069036670976
553591526937600001
544319905076903936
553563668169125889
524935633463037953
524947196131966976
544315864397258752
544330861680664576
553152515701612544
498294775649665024
576357849204412416
544309956250320897
524979881525137409
499564237552115712
524967811081195520
553587546614427649
500322285916401664
525019992337551360
499409692834021376
524954028287877121
544499449645768706
524938433262006272
544296772592336896
553117778870169600
553135991083769856
552850116324130816
576530268351246337
553532736187924480
552842762505428992
552848653980033025
553185716218650624
553537380209401856
524952094986350592
544331022104395777
535415010361487360
544383022876065792
580343941825953792
498253652755111937
544307417677189121
500234112054341632
552801958428700672
500332933098385408
544429185255481344
552841460681572352
524926472432410625
581064144394285056
580335420703170561
529689763230797824
544346361101963265
524953077456318464
499662307560263680
553113395487330304
544307547390607361
499574200596983808
544511783940403201
544515538383564801
544367010894086145
544517264054423552
552801438821515264
553134790925619201
529671638539698178
500284871541940225
524988783213547520
544499780479893504
553148970651107329
499386726414954496
536782128109740032
498276304635322368
524938146119966720
544287209730236416
544308793623207936
524951314556796929
544497137221136384
553185854165114882
536489596423774208
552801028262096896
552812475134275584
498294367405477888
524965775036387329
552806462125506560
544347292493705216
552829176018112513
580344171019542528
525007664544493569
544401374675341312
553130148107943937
552792131447037952
524989886483673088
499430225043009537
544513510450155520
544372177965834240
544494652418949120
544384680376532992
580338392782757888
498499836900278272
580328297462140928
544515072203444224
552815122897727488
500361668132892673
544392801836728321
580883727624065024
552978385572732928
524969415318982657
544320992361721856
544374563539140608
535708968837206016
553535441828605953
499696525808001024
544517991086710784
544512064694546432
553185370108878849
500369097360953345
544351486956670976
553175550231986177
553139515171557376
552814410763603968
500331472277225472
576238790936662017
544298334354411521
544271362022338560
552820575752974336
499363975377993729
552837016350912512
553552493561798656
553228482927263744
580329937573302272
553583059761897473
524957517294886912
553161458931236864
500327581514993665
576528880208637952
536828314783346688
544367462012432384
580883793709547521
500272399867068416
544390550497947649
553587352086384640
544419416578850818
580352540316946432
499387993879511041
580357537083576321
553196930768330753
500280658665537537
525063393309630464
499431474731683841
529667041142124544
544425928290750464
553527807771308034
529704637301923840
576777317474652160
544275574642835456
544351832483450880
553218083410952192
499347831954870274
536825222608203776
500254607470518272
544519140552507392
553587861837328385
500298752469770240
525003253185277952
544390903839088640
500286058664579072
553164303650799616
544476808566276097
552814916567322624
577269846259433472
524955620538343426
544316684736028673
580329796527366144
544370072018378752
552816689386373121
500322373359661056
499649872534831104
544512676643500033
525071638464049152
576407819353780224
552825664307744769
524922499466022913
553155289235881984
524970851675176960
498292628455034882
544334554631536640
499383196451368960
500386978467414016
544314810884562946
553549686129561600
576746408184676352
525044166519451648
500339589601431552
529621484130828290
544340943965409281
544465862942797825
553105460887572480
524924954287296512
580321844089212928
553213361350262784
524993166651318273
525063740769972224
580355581254471680
553574522972958721
499698817567293440
576709199146717185
536842936667750402
544381485591982083
499697037156171776
544492843499540480
553588704913416192
552798640679702528
553227856046596097
524994809912504321
524950264303075328
553573365798416385
500375839498723328
580327692765151232
552846544320618496
499411738467794945
553581897792913408
544490976253726720
553539373707186176
535926525422358528
552833483325059072
553115396006764544
529660692832739328
580331255570530304
524959332656349187
529666235710332928
524958227768020992
500186504279625728
536532934014926849
524958128392376320
553140613051215873
544323127522906112
524958409381384192
576836049151868928
544294794139533313
552803413583360001
544514474963922944
524951711941922818
580332684905431040
580377478184755201
524968330172850177
552978435090681856
553561452318322688
552991544731774976
524938282732642305
525024518713397249
544425457471725568
524994965366382593
500296090671796224
552785443813457921
553560488056225792
553163344577064960
552831197420994560
553586246883475456
499705599454883840
553537551114706945
553221293298819074
552845017208061953
499691224169590784
525065430713790465
500326267640905728
500328583194509315
544269221564137472
552788396733906944
544480905532669952
576860068316057600
553560429910568960
536812027571109888
544329204314406912
553506985413713920
525060425184858112
553225701701066752
500255282757632000
525011747007377408
525036214286815232
576452724281102336
553547270264979456
553473550523580416
524961408740380672
544397240601563137
544387886611570688
524955385480753153
553135106609922049
524940659778920448
580330660537192448
553199320053592067
524937114539282433
524983599851130880
499691501136650240
544410576894427136
524980166289002496
553587303172833280
544341255174356992
552810032765497345
553551279620755458
544353793270243328
544445607717261314
580329265251536896
553478289474740224
524934142958788608
581293286268129280
552818685526933505
499389815268573187
524937330923417600
580324804403818496
552851838928953344
553180071775993857
499360134779637761
536835870293512192
552807658869493760
581258486861983745
552839936521830401
544436172999495680
552837190360006657
553472225798795264
552805970536333314
536848134681690112
500286059918274561
581303832895885312
544285712653500419
553104539898089472
536837309078200320
525068253341970432
529691396169809921
553200085132009475
553578250186665984
524980483479076864
553480082996879360
544333764814323713
529655766509445122
544301296099270656
544345074960584704
544503037973528577
524932056560963584
553556984273072128
580359081296293888
552836444835037184
529734113608359936
499379061718659073
499700209484828672
552815274848964608
529664974978023425
500236774103605248
544288009747566592
529679905483915264
529694805010685952
498300128088694786
553531802347122689
552817293969739778
553234456522522624
544384839906906113
544512664769396736
499471162058231808
552978972963643392
553490358748061696
553588993993232384
544437117963616256
500231335668383744
552838613877411840
576494602070441984
499691814358888448
544508313220567041
529642612618035202
499699779426066432
544512867144192000
553198853487611907
500389488217309184
544352188210745344
553168792017457154
553233414145310720
544467919003213824
576767713328144384
498283586425200640
553503995872808961
525030416261337089
524981689781870593
581248346309922816
580346992074842112
580355037504909312
552822043490938881
498452658605535232
576860819322880000
552817675408523264
553214783647145984
553129559173115904
536826824219959296
524948710812581888
580326807704088576
580334199187644416
500315536937324544
553163190138580992
552985912901001218
536836469542105088
500069586063335424
498489451954573312
553198107278987264
553144928721973248
581245152158728192
544308031446872065
553215658784456705
580320745974288384
544459333983948800
499363612260315136
552808242276229120
544349042952916993
552820025409941506
500347379938492416
553491604917334016
553159409476837376
552820736490889216
580364138020507649
544328894812549121
576715243948118016
576833878981136384
498495764486950912
552844767281688577
553590529548886016
500310319844298752
553099800951136256
499706059691663360
544301453717041152
576679386616881152
498277197581664256
524949136173694976
500246996163129344
581280784155353088
525039242771464193
500247666924986369
580364889736232960
552841157785694208
553590811355795456
552993818816299008
553180729254113280
552818334643658752
580327336505176064
552984798671945728
500315609171636225
553168646051475456
553128325217275905
544271815044894720
581287562947395584
552846886626164736
581062604988162048
552805853762699264
544519594438696961
553553173743677440
524981427260366848
552791203432103937
552804408233193473
553129478008758272
499626055251271682
544401573968097280
544289448150986752
553137849663361024
525025279803424768
544435176479027200
524980775741956097
552836854085459968
552845840247971842
553151980928262144
552807582113730560
580342401392312321
499706705354448897
499705545583263744
544409432600223744
580323165068509184
498286918011224065
529727006427340801
500309381930844160
500289307257868288
498262106937237504
544494273924562944
581550667753504768
500385868041842688
500358195408551936
499410965075886080
552851629624803328
544517721757847552
580320964875014145
552831101312303104
553590072373968897
580327611760545792
544477834396577793
580357700791468032
544293716140126208
553562569169199104
524946808271671297
553566026030272512
553187990953295872
553582465734832128
524958741259886592
524925215235911680
552811438994378754
553230256992423936
552822434639126528
500164348963459072
544374395540881408
544296463027961856
544420432099545089
552795773180858368
544464445787750401
552819064301961216
525005134624215041
500321184269881345
500321506371850240
499699803576881152
552981694979248128
524960580944560128
552783667052167168
500289088285863936
544465040666288129
524935816603107328
553105942460760064
553480287045554176
552801979861598208
576806702454075392
499705269434085376
581290271997968384
552836167029514240
499699107615997952
499687274326786049
576832918343032832
544363222296297473
552816233796894720
544351133120987136
524947071770435585
552811354323963904
577311956048154625
500347920210989057
500277625773121536
553137476135432194
552848426812313600
553186739326812161
544401577113845760
553124563266306048
499654313870761984
524975847846203393
500384393362698241
552838559393013760
576815428066009089
553143415899451393
544286724831318017
553539778088816641
553575302392455169
553474514496278528
500385585807499266
524953391634866176
553532980871053312
544380742076088320
544329251487756288
529746982106324992
499612195756728320
552848726197559296
500240534481666049
552807191775043585
553585838056280064
553127899033640960
580697361799876608
524943012602716160
553225828625297408
544427938372792321
553227389061582848
576641067317096448
544468178961592321
580359405620858880
576191681827057664
544408496918499329
524949028728221698
499669445548449793
498271954185379840
525039876366798849
553540478403366912
499362480179912705
500288581081260032
553132819237462016
529674135098900481
552831842232324097
580331843616133120
553517548734791680
552842642216988672
544406665223999488
553465105028222976
576815154735775744
524965597793107968
553187959835725824
499531968229683200
580329219646988289
500250188221779968
524926301678096384
553108153915944961
553098799380717568
576565012086579200
552828573896413185
552983656231628800
544506678922977280
524997921042071553
524966770428243968
499524024012386304
553137601457426433
499403422278619136
524929796862918656
553209917944131585
529702797349253121
553476490315431937
576376097824198656
525059348574130176
529652829536141314
500301870145880064
553196571194851328
499553513471741954
529669184670941184
499563566786433024
524953508978909185
552834640692912128
524966392702189569
553187282295877632
499689757652566016
553491924015783936
553208300607922177
544357264333615104
524964457936863232
524956129017995264
500318966422589440
525006847095615489
544299273664593920
552818988468944897
553475269873643520
500376174095511552
524982699220803586
499360784666071040
553516364879904768
524934004152082432
544343299138392065
544496062321664001
499406086945136640
529681320965079041
544499931101548544
544377870554898432
529683211774083073
524987263835721728
529736110667468800
525040097272819712
498273703428620289
524941272549969920
499696550541795328
544334939374641152
525030117014507523
499407248427188224
524944544681705472
544492372088717312
553567184002502656
500274697485824000
544307161589772290
499699006298419200
553111820786204672
524965723672961024
580329111064686592
552834461478715392
576866204360581120
544327577406410752
498294764718915586
544398776236904448
544351969658564608
553534838880608256
499706791396392960
576477089043488769
553192366098898945
525046443103354880
525026973459165184
499698311306043392
529723761428557824
499701114195808257
576812998418939904
553531781690163201
498287947301814274
544384498947719169
524952341561491459
581252958446329857
524937560276344832
553194557316542465
553132714446950400
581273151612575746
553589285342175232
553545384069328896
544369667096477696
499494187969298432
544452299641192448
553591303582523392
553096978788515840
524925223226081282
552816561514635264
553177833686589440
499652256288235521
553169114102247424
544516164333080577
552985297307598848
553500238246608896
544416309266898944
552809418417790976
580320995266936832
552799062421164032
580380219921580032
553506946054369280
536141476460507136
529695299200360448
553480876315901953
500317579060449280
580320856905269248
552815712432316417
500275363558064128
553157744061325312
499671635067437056
500277421506306048
576773359729426432
544514782456729600
500285732578013185
576866204339609602
553173371043995648
552815182708494336
500359323588239360
580352417541287936
580321317527879680
544291804057960448
581259253429702656
524925730053181440
498316826988642304
553560219981459457
524933600433938432
580332903986524160
536825396990607360
552836392678465537
553128245420257280
553570916907511809
524949439367380993
524930594950479873
524950899899113473
498274934553317376
500225210667122690
553470492565602305
529728722963034113
500177556768034816
553535829017370625
544291965513134080
525029016001318913
524979089787330560
535450705134649345
498285405142540289
525023912221212672
552786361758265344
500224586064343040
498264107460870144
553470733180223489
525057606151602176
552841185199263745
500369693203378176
552983966932688897
553486796534054912
544464731449196544
524947604690702336
524960221694005248
500295393301647360
580321372703985664
576546827643703296
553558982476828674
553200115079712768
500291116403789824
500365059390836736
524943886553468929
499427218171248641
553212962044149761
581295422414680065
552851189675470849
552817205982019584
544430900235075584
499412821671968769
580346824269103105
553492305521672192
544280399044960256
580347364562587649
544279776765431809
553117623568068608
576327507093360640
552808658510561280
552806932176977920
529743499588276226
498491047329402880
524942149973188608
498235547685756928
544382795099799553
552851710880653312
553151749008424960
524982608716120065
581061237783556096
535270217689993216
552831515940634624
499703128540061699
535721996391178242
535439290667241472
576842966964117504
576716016908136448
553201539737976833
544495155198181376
500316260081889282
580334729678966784
552812682626465792
576531907606892544
544323933634564098
500316005089181697
544326741674967042
499581876668227584
544421653128556544
544377700677615616
499488337338843137
552786818853113857
544360342995099648
553496228055777280
553535862911541248
524957566502445056
500293392060780546
553461741917863936
552834229722038273
553517380995792896
553131713376047104
529722288971984897
552787144373460992
500361302238564352
580354367796166656
552836586191474689
536836468816498688
524942470472548352
529648202379964416
544439077756755969
544467822168920064
544432946841538560
552845711289909248
580332990867349504
553177321218514944
544396260740845568
500290098647547904
552986187364065281
500294693356175360
552841287670308865
544277117039837184
544313592477384704
544363757493702656
544297331906973696
553199664720543744
544357935439417345
552812847651377153
544329896529760256
499705042178691072
544429350376861696
580340024736116736
500277854341697536
544293694166536192
524947036228317184
552811254667288576
498286281894682624
500288693031419904
552807832257835008
553592040374947840
580329747416113152
553185404657352704
535792764135280640
498308585227431936
544269997745242112
544503217107648513
552805956619628544
498272364560257025
580323815261016064
500363023958409216
553229626756329472
498259903962570752
529755373721632768
553548567420628992
499608179362521088
553545906155712512
524931110279852032
499673142114013186
581357303405813760
552825303341740032
553189840913989633
580321156508577792
524925033626738688
499601812005998592
552812140479148032
499497872564703233
524952154482946048
529733645435949056
544341369762742272
544328351939186689
552816590463315968
553196953480495105
544291966536523776
500239577387659265
524926235030589440
544519849507307520
580322782392762368
553505371290357761
524980744658382848
552796522904297472
499362348940144640
524959027516932096
544419788739461121
580332232121933824
580351390570135552
544463189447294976
553132534771744768
553200047417196544
553587278564823041
552983300730404864
580348878370828288
552792271243210754
553127546129117184
500359312447787009
524935943925796866
580333909008871424
499703156889362432
552823427862908928
576855819125432321
524936008870400000
552787361437057024
544520932405284864
553589469849583616
525000220371734528
524967711492014080
500353227951718401
524935758143324160
553470382129565696
499375535458643968
544417680284192768
553136604882014208
524971165056782337
552818922798727168
499565555645685760
580326762673901568
553472437644320769
553581668142153729
553121522769219584
498284302128668672
553112060788473856
552787321561812992
524984209505812480
553473416905629696
552825512708808704
553207216774590464
498497395198799872
553163722378977282
544518335019229184
552820533507944448
535434467696189440
581260171688718336
544373676842311681
580332296336732160
553493707472011264
553582301003931648
553550888770740224
529674474019651584
552804810463117312
553126044375732224
500217516611108864
500277301607542785
544359578612559872
553587329626292224
529734972249505795
581255457022570497
552832784046108672
544376469279875072
552838287929663489
544451041396531200
577297951325876224
498466570675716096
499381917490237440
552814767417876480
544420963429797889
553160652567498752
499368931367608320
544518696463765505
552984527295873024
552829396265230336
499467982943186944
498303921430204416
552830966411321344
553181902543126529
552824885484224513
529775890767437825
580333728762896384
552814460193476609
499621957747224576
524987432656453632
544296671950020609
553227441712668672
580357920984051712
552819824007872512
499698366402789376
552790742700417024
524936075870228480
498340530770939904
576321776424189954
524957429889777665
552800222553079809
576755174531862529
580337327677026304
553563889104093184
498499795192143872
553160213839486976
499361965035491329
544458458527834112
499692099005325312
553569333150896129
499613731312005121
500334308867858432
581314363644121088
521360486387175424
524955386697515008
500320616428601344
576530892119793664
525040492388823041
553170984824733698
552833681111658496
544511560249790464
544384467809230848
544494408515608576
524958743000125440
553118384540643328
553143179038715904
499636076852420608
525061787860103169
580319078155468800
500242061279637504
544423869981802496
536847375802052609
544495240640757760
576757242042703872
544348632980676608
525025114111635456
499705915227271168
498291267756130305
552824320389435392
553505458162782208
552985611070881792
524949073154301952
499362949166030848
544279950929321984
552845671477153793
524949003834634240
553171741804359680
544282005941530624
576192621351145472
500313811195158528
544487535418687488
552798010196107264
552828474814398464
553574501964079104
500287857727377408
552829082388660224
581063906682114048
544272134764122112
553585447235223552
524953530193301505
499704241741520897
499530401136668672
544313008642461697
553169577228926976
576890261382520832
552805735885991936
524934300459077632
524954241547632640
529676682622664704
553542784800792577
524934648473079808
544463701030354944
544285508441231361
544515665319976960
499704780366036992
553479401296625664
498269697453084672
552980261512949760
553530524183326720
552981531023921153
580337873691533313
524955871689052160
552810138114195456
552810804186460161
500283013541163008
577287176288776192
552790824971677696
553167429665587200
529742159352975362
499654272342953984
553586523338440704
525022821534429185
499635302764662784
529775258698399746
499553426133753857
552807874192482305
552801894092275712
580377378226049024
552835385043062784
577269239779893248
544516101556961280
524974900017373184
552836204283326465
544519622389956609
553235360722214912
544368246271406080
500295333486657536
553233728030650368
524993612279336960
580368417556992000
499698964925796352
524952407625957376
499601956491374594
576394839220178946
544316904861478912
500175929902395392
576821651490340864
544271069146656768
529723420993683457
553506337121107968
500279160795721728
553227258782306304
525021132022628353
581253085508534272
499530130487017472
544305859904286720
580323456996282369
544400801083686912
553505242554175489
576435578691956736
552791678881660928
499529014797557760
552837168482492416
500309745350508545
552815293349650433
577301342617673729
544436330856329216
553113944219320320
524995620088864768
544393889113600000
544359670480379905
544457904422531072
552822566726164481
552805209424941058
552834842837409793
544460097146331136
529649368656134144
500072155166814209
525002842021445632
524953110285152256
499685593857531906
576639665786249216
544373694068686848
553209843939831809
553110339236409346
499665889198088192
525026947307700225
553100203239428097
553537322218553344
552804454773567488
553483707122995201
553213740137467907
498248648699150336
500359075045990401
580360165540642816
553133340795363328
544305745416581120
500251242124173312
544298354029506560
552826581916594178
553584782987497474
553176411541098499
499365436816105473
544504889746149377
576204915694964737
576472861528961024
525033697045925888
544297696308518912
553172769819852800
552806937470201856
500371149713178625
553177822312013825
500366207552196608
553473704060284928
553534934447824896
525033278555033601
581386094337474560
499648712596271107
552791065645027328
580328463585841153
552802011733716992
499456140044824576
525072912957452289
499478537468792832
544443027570556928
500385877684539393
529641857513308160
552839800433410049
521369179392581632
524947416869388288
524977830124617728
525045203648790528
553195138156343296
524977812852461568
500072334578159616
553173501369389056
553181899662049281
552979420227842048
544408991649251329
544332847050670080
552845868932800512
544350565283532800
552788945017516032
544310691600302080
544521166543548416
552790598823186432
544384349395628033
499484255869612034
529654845838741504
576671947091779584
536848139836481536
500344846612447233
529763954231607297
544411097797644288
576504635738951680
544409400941625344
552794942759010304
553535765997969408
500384777514799104
581335535832039424
544304200423723008
553506091389440000
499705246642622465
499674159916789760
552792544132997121
524941132237910016
552831420197261314
552822783311630336
580339825649291264
525047079325155329
553133704881917952
500277382461530112
552807210041212928
553146117685522433
529723420268068865
580882674413375488
500362377062547457
499650234914713600
553202028575731713
499579905508917248
544289409294553088
544376732649013248
524942687003484161
552840805678084096
553559793940447234
544293783702364162
552795585095671808
500349993539358720
580320329203093504
552786016906383360
581394092648710144
525025329916948481
544338676835041280
544409519380758528
553535430788780032
499700861900435456
552799100715167744
552816288612225024
552845191003250688
544353600273518592
553152831050362882
524959809402331137
544345939054710785
552814213081866240
580319968484421633
552829904396775425
500398504075071488
498285782512050176
524942802908876801
553532980896231424
544482559900393472
580331347752914944
553103134210666497
500391222075076610
544381860214603776
553524183594844160
499693808515182592
500331134040162304
553541776854634496
552810124776308736
553492417023057920
500368579875704832
553100996855885824
553587511839444994
499361017038905344
553486529231089664
553184482241814530
524950428598153216
544513524438155264
580336394184323072
525018717038854144
529723684454666240
581132461960249344
553537537126694912
576833924967493633
499667557247614977
544371668131393537
553544266526760960
576526802056814593
529638427462217728
498281886603411456
580364576560177154
500278169828470784
553512735192141826
553151201253294080
581437061363675136
581299253743501312
544278913883447298
500281856559161344
524937243518312448
544401468875616257
524940452383170560
500332097064550400
529725532569886720
524938162900967424
529654835537518592
524968205690089472
500365332351971328
498316475317239809
524939362048290817
544510219401703425
500291056445845504
552828280806850561
500393439482368000
499512318410375168
544316384273248256
552796091255894016
500359673334493185
529730384989544449
524971492820647936
544304298243653632
499704226294300672
552982828963856384
552825473160736768
524930499790131200
553466755411369985
544340812448804864
580332876081811456
552848013778251777
553126517187047424
580347646465949696
544482233038286848
499702206455488513
552838203276021760
553553331671408641
524965047647617024
553487625815064576
529739968470867968
553162401940770816
500292917957648384
553129811850559488
580330560331091968
499368426931228672
500375190535421953
553137557601812480
525001708318240768
499694783691239424
500278858156085248
544444148234076160
553561170637238272
552845393541988352
553495137314435072
498302254190166016
553118198741356544
544326597055369216
544511112654618624
499657584836874240
525039002307424256
544391946513305600
552956517197303810
524983581983375360
580333906597167104
524967620588896256
576486732864098304
552815993165467649
544395804190855168
500406581855801345
524950679274942464
553546551709409280
524949243883425793
552808785329549313
553214597055135744
544373593841623040
553194417239363584
500413818368184321
553521417598550016
499586890837016579
544420376424353792
500363126294863876
544346107900207105
500266967102914560
525033443076628480
544382249178001408
498268463639851008
544317165965303808
544516739178827776
580886010575257601
524957974226550784
524947716393414656
524935769614331904
553158826435018752
499699052389208065
552819474320359425
499376069485821952
500396427378298880
499514668814467072
544373504419069952
524936456742379520
552981889619722241
576657704933990400
552841049467400192
544299439087550464
553547637832843264
544337761600557056
581460720900050945
580319458004193280
544283374911627264
552808701065953280
580353986991112192
553203538579701760
499441454498852864
524974135030874114
525028734991343617
580329886532968448
544293770926120960
529653029747064832
524979133366165504
498281812821803008
553480900869361664
552823014866563072
553223681409703937
536841860049043457
552840155728736256
544319274072817664
580339547269144576
524946461621235712
580332109782466561
544280650455728129
500430673099104256
525008463819464704
580327418084364288
544513199375384576
553210080829906945
544512910538838016
499691556652449792
553536358950916096
544442068639416320
500254671337193474
552827757164371968
544351015936331777
498305962726273024
581377529124130816
580321948070240256
499440386767859712
553226143307161600
524991832451981312
553231516290269184
525060022569422849
553190393370923008
552817490263572480
553205492458475520
544331094523662337
580330454869512192
544301338935312384
499697887434248192
544511811404705792
544325896661114881
529752475541442560
499411840733282304
552802531672588288
544510784366080000
580339510883561472
544495737770618880
544458427263512576
553555848794877952
552841006799159296
544295960449265664
553214358948683776
553555705945288704
577342598592901120
553555207410700289
553548440563908611
544298121379852289
522286703848218624
498494758814109696
553216451780554752
524943490887991296
524923480173981696
552832169496694786
544309283048144897
553541197491634176
524934941914968064
580330441854435328
553127632947396609
524923678472286209
552799591255384065
553552825431883776
544355197435142145
553475729187680258
580330986220687360
524967376719466496
499690032601772032
544513517706305536
499388398529175552
499690323883589632
524985687704338432
525019752507658240
500315237375954944
500286865963245568
544279945128591360
580326473803767808
553165418639413248
499703033174179840
553188974811185152
524938107142283264
580347361039413248
499705041238765568
499388619425980416
499690604302192640
544311814649942016
580347051927597056
525041601890881536
552980632432050177
498298040881782785
553529796601585664
544377326122057728
524979548195024898
552804175310901248
544383383095508992
529697032659673088
544293753130082305
544278202743402496
544301313459101696
552824163841638400
576480269835845632
553591093498224640
544496262629036032
544512078518968320
500311153583853570
498508707244683264
552816539175763969
580337178506584064
553553244845522945
580332312354693120
499598115888848896
576885758537109505
535397927548878849
553587920398221313
552844311096983552
524949306101743616
581063957684850688
499383640267423744
499363323335680000
500382853147164672
552841684485414914
524977321430630400
552821050145513472
544469768745398272
499554114024771584
553100279089205249
552793679082311680
524948268355051520
553518472798683136
544365130138808321
553110783761338368
552831460236099586
524929559909916672
553157600225677312
524937594090844160
499704667195322368
535241189234982912
500271532279877632
525025463648137216
552823186966855680
499402444267212800
544495975083941889
553560769246539776
500284699760427009
544436750097973250
500276114011742208
552807013764575232
553160909208559616
553164722380742656
553477692591726592
580325235653799936
524951419175309312
553106714682462209
553160244847984640
544336572141694976
553181386069143552
553125301090525185
553234578086055937
552791196247269378
553479222434729984
499702088512049152
500354471525109760
553544252563935234
553151328009351169
500421926079066112
552787231468191744
581296960830881792
500374427448516609
576344611519614976
524990180034609152
544374511194632192
580349424058175489
524977076433321987
544425492971941888
544278985249550337
499377813758443520
525041399344168961
580358227713458176
544403112656527360
553569379674521600
552837027616804864
552829580579323904
524980402495430656
500292426154528770
544456216907636736
498292732159619072
524951279760867328
524969201102901248
581047170637381632
553558385048944640
552837484221300736
544430910511140865
499385227362328576
544343410849886209
552821287933202435
544293261506928640
580338189904285697
544450135988899840
544462911729455104
498311895716470784
553216460164968449
544495167836016640
552810884029222912
553477352542707712
525012689568161792
553186457121472512
544504859290906624
544358533819420672
499619724222038016
529731332717678593
544518036255150080
525069752566575104
498259432237969408
552786099899494400
535656301833895937
524973920722878464
524943658748219392
544396563116589056
553171841913602048
544509652390924290
544330052796559360
553135255583219712
552849248182865920
529726211241803776
552827164677373952
544334612718055424
552817345887207425
498480344992350209
498277678706077696
544454229960974336
498602787614511104
553531343834202112
552807027781947393
552833658017824768
553590891852886019
552790082533752832
581473088249958400
524982066564567040
524938857180303360
552821223676444672
524935146806738944
500266977814790144
535517405921804288
552842983247466497
500315291168276480
553173654121742336
499432169836531712
580341214098137089
498463591767756800
529657139959451648
544297247567917056
535818207542923265
553541988490825728
552804784819154944
553561169923829760
552795050502270976
529637014527029248
524949887591653376
576819222694744064
500309193526882306
580885624883904512
524987150413336576
498532911143206913
553546029212389376
500278978557804544
524947744809418752
544513035118075904
552817769604198400
498477676219600896
552846337746952194
500378522788315137
524969431534153728
580349419360526336
544363471660277760
498290802255466498
500395288335360001
544414028752121856
580356429615337472
580332832544976896
552832177138696192
521375609206083584
544510345289924608
544438653410639872
552799640488517632
553153073481535489
536844209982959616
553586798451257344
544388013141143552
581256046448111616
500291013521334272
524932327907270656
499647059688173569
553215383256432640
544438499642847232
536825223526756352
524953017389707264
553576648973377537
553592081483321346
580321169271877632
553159773555023872
524979946218061824
544353303468199936
524932935137628160
499584618165567488
544500527720325120
580318669483413504
544317301064208384
544301961638457344
524935023380545537
544284078330376192
524995375468249088
553493222052605952
580331706860871680
552825753264717824
544511300630753280
535440024930902017
498254929942028288
544317609718865920
524934419270742017
552833393734721537
525028522361114625
544348392944463872
552817711617552385
553582812964876288
499703794805276672
553187683510812672
525008613392515073
553538939454509056
580335398683058176
553512076304728064
500314015609147392
553136565296582657
544453205682556928
500357713260724224
500369479482630145
544434450918932480
500393530960121857
553176753297162240
544391789789331456
553117500410716160
553542628097019904
529830606210093058
544514249356484608
553491517462315008
553119505887395840
544520795511611392
524931913426157568
524991452527722496
577287149516541952
552850599168196608
524982954880413696
500378223977721856
576465693798957058
524961513006964736
544302851158470657
553168698677030913
529688713253494785
525048987649576960
544387967037763584
553588106587545600
524947674164760577
544269749405097984
500367267901632512
580335409202348032
552837078854410241
544301589931241472
524974456851410944
552835209285337089
498356729634390016
524926445496197120
576811711652450304
552834623944671232
500277808883830784
524945665827545089
552815540721291265
499702384424022016
524947502903345153
544293177596067840
553578029751226369
544340578528272385
544450560460480512
552784600502915072
544379489263042561
529679551631089664
576387464924819456
524932635177795585
525026219100995584
500327106824245249
576824525339402240
498482619232055296
576874788683005952
544516530160300032
577261281125642241
552978030935941120
544308749725626368
580370275121938432
498483485133516800
552798016646942721
499699479688544257
544510402454110208
536822580720984064
581254429996920832
552822812281692160
524949435886096385
544520990538358784
553586305272389632
580326222107951104
553157384714342400
499668221767999488
544277516773380097
499700838127120386
552810625873633280
552841562963464195
580351367719591936
535391478969675776
500180625312083968
580884417343815680
499575076468305923
498296205777326080
524939347699585025
544284823041212416
544307589245587457
552791578893619200
553220369721483266
553582206019723264
553589860880375808
581249720376553472
576772668805935104
500335927248429056
577309214663684097
525032520124207104
525005886272843776
580327626419482624
536666052277448704
544389893120856064
553196035133440000
499701669437784064
544294692456628224
552788947219533824
553589121776898048
552813461953323008
499678822598340608
553139058827096064
529692457337118721
580328132932022272
553558108866637824
552830599002857472
498477164380299264
544519298015039489
525022663102963712
544273220128739329
544353918315397121
544511130249744384
553219195056693249
576448454005813248
544276998017646593
544483951524737024
552838171323817984
524985325190656000
500269950876286976
544396608704901120
544369501857263616
499345384024842240
536835870897479680
553498106588049408
525017500061536258
498487087105314816
499366930457710592
544333236243947520
553553202197827584
553533193899368448
580349159569539072
529756814175633411
544376073685712896
544520615441756162
524922729485848576
529758256596787200
553591736598269952
499649754822103040
544475892685099008
552818309050421250
552826876398292992
552815682241691648
544433367765110784
576821399983026177
524979184297590784
524975142641086465
524947870735429632
553145759961714688
544372257674788864
581063816882065408
544273459199893505
544307040932601857
544366824997912576
536464887015567360
552830521340723200
499444395800682497
544477019472289792
553469733656203264
580350698774241280
524942353355005952
529773317889064960
553587013409325058
576417507277467648
544301149348982784
544393723099238400
580361142666563584
553581612588605440
553197863971610624
580379486732066817
553144889811402752
580331121180844032
552801954733490176
580368137796743168
553193210269298688
498527404386578432
544512187171995649
553573166116012032
580319184652890113
500277481119956992
524948554344054785
580323152103911424
529701740925698048
552822604206460928
524991470416461824
500283831803326464
580321203757387776
544314464569675776
536778036180680704
553579224402235393
552810448324943872
552822718115373057
544323358327070720
499424290748780546
544357899783655424
544277526248304640
524938288277118976
544448991518130176
524965026256662528
553017543330648064
553116149333114880
580320856561209344
544294639805923328
525027958835408896
500399181627162624
499705963126202368
525052976562712576
524940716733370374
500427783848615936
525031610136014848
552982124274647042
524971258996588544
500301418406744064
529765936199647233
553213362713399297
552849797892542464
553147034707165185
544518647881170945
525066628359127041
529652940869738496
499364002318020608
553515054503821312
499556227874304000
499571347375136768
524997030536830976
553578348111085568
499660771857809409
552835854750605313
544355924224532481
499386181310619649
544508995361202176
544437798426509312
499588291335692288
552785551930454016
529720273285566464
552822696195932161
544336537870434304
552810276635291649
525001895631654912
499408845127819265
552796863297236992
580364236330762240
498472666802958336
544424261163569152
553581227165642752
552808904137408512
544407300329709568
500381163866062848
553215879979085829
552821573946982401
524975705206304769
553583108105441281
544388329094270976
544301609472122881
525062993898635264
529653880196698112
524970444156571648
581317224096387072
525048410831736832
499402006146977792
553572754746638337
553125384246804480
524953604717686784
544508900595499009
552837086425128961
553537740588220416
524944537618485248
553131557892804609
553588326578417664
524967727266398209
544412767240085504
580324338865430528
499598154581303296
525050632211021825
524964223185850368
499369948943495168
553589720480235522
524957647653863424
499697652385464320
552980299769200640
553546063752478722
552831266945794048
552785391653494784
529722630363181056
580364493928181760
553570818031374336
552825236715208707
544510453201006592
500286984162525184
553540580912156672
553590835850514433
544284859628523521
499357077429817344
544309177859203073
499647397278937088
581247332282306561
580342917291708416
524956449836130304
552850725467082752
552813011803836416
524937675115999232
544509086998749186
544406212461473792
524928223499784192
544496648445890561
544360851646709760
525030165190303744
553542516772175873
580343329096904704
524938009834450945
544475905926524928
552820265994829824
544476597512699904
544284577318318080
498253149707464704
500360248767840256
525021103559696384
580329560350183424
525029232691650561
552982908865368064
544308490840195072
524961908903149568
544386515171020801
524931752725585921
544499381731622912
500263561298710528
544296096244441089
498271531386953728
544467005655748608
536733651544072192
553551435762503681
553135886859534336
553517053110657024
524975031059632128
