544462438310375425
553473550523580416
580327058158551041
500073277273165824
524941041301225472
524937330923417600
552804784819154944
552816288935202817
544280077778055168
544358564484378624
553575803733426176
535397927548878849
536837309078200320
499432169836531712
552821069036670976
544520990538358784
524985689905967105
553484619426062336
576356996145917952
553540824768991233
553136053112950785
524937635698327553
525056022046851074
544272155144646656
581183387848859648
544343299138392065
500360558806568960
544273459199893505
553172769819852800
553209917944131585
529707148537004033
500280809652514816
544356579098001408
552802531672588288
499653470417199105
544318880001560576
529638205013123073
500266427840864256
553186026811039745
552828474814398464
499654313870761984
500296090671796224
544391063742332928
553563356339384322
552827553493565441
500421926079066112
552795773180858368
500411513727750148
553185716218650624
524925033626738688
553157744061325312
498483031842500608
524930575472136192
524981890567385088
544354840042680320
499697848737210369
553143179038715904
529726211241803776
553139058827096064
580346824269103105
552839416620658688
544406212461473792
544515999161393152
544464812621578243
498486826269548545
553483906096185345
552816539175763969
553584173420920833
552850514132873217
544489539348471808
500306548841660416
500358655834062848
524969415318982657
499481575059619840
553153731471364096
500289307257868288
552828811344359425
535463053190778880
499463629251837952
499694783691239424
544513072006967297
552845191003250688
553141732452626432
544293694166536192
576238790936662017
552836392678465537
581274572823130112
553126517027262465
553136990787342336
544490782183657474
498401948585181184
524952407625957376
499400566397607936
524934090542182400
580346858846822400
552848013778251777
544519140552507392
552846938677059586
553228535511650305
576777317474652160
553530524183326720
580346835295997952
553531783992868864
524959027516932096
580330591826128896
544296007589433344
552837484221300736
552823829333291010
580353737769820160
544319395619958784
552837610897694720
553589372084162560
536848139836481536
498341675476217856
553588340432572416
529708410464636929
544378232624410624
499412007573942272
553216909022605312
553190393370923008
552834501383290880
529714770422022146
524993172271665153
524965242213007360
553570370192949248
544273256174198785
544296672608534528
499679142766735362
500257166478282752
525033778637721600
580336204186521600
524964989975937024
552831197420994560
499681614549377024
544288773023203328
577269846259433472
499564237552115712
544412767240085504
580330078682353665
552796863297236992
500331134040162304
553204986474422273
524936793633083394
553141935482093568
499698357397237762
500360684253638656
552841684485414914
552986374765563904
524949315245322241
524993009440403456
553224764924243969
553152400832606208
553155430055440384
553591475830009857
580885624883904512
529729911926583296
553146494271094784
529663474079920128
544520802339917824
552825844755083265
553578243173781505
499700861900435456
580326073776357376
524940030109036544
525028522361114625
544330542871633920
524998460848611328
553506337121107968
536847375802052609
553193210269298688
576181101577703424
580883864521818112
500289088285863936
499704416937975809
524945101542678529
499345010190348288
525016983646244865
553123078541434880
544447054034919424
544436172999495680
553215383256432640
544419008615702528
500217516611108864
552837016350912512
577273752796282881
552983966932688897
581315281630318593
500210207986028544
544333302178799617
552794157484634112
524952995034042368
553183099610095616
499613731312005121
524995771587108864
544453205682556928
552812847651377153
529725862246375424
529730804688375809
552806932176977920
499704336935821314
524976526891417600
553537537126694912
552845255796461569
500359508531884033
524951893467234304
524966596897685504
580352273001410560
552796522904297472
553112060788473856
552837012689264640
524943976902971392
580333906597167104
553208762291339265
553592108699758592
552804491821854720
544278335455776769
553528788383191040
553133340795363328
581252958446329857
500360978387976192
500302383747194880
529681320965079041
552830151650967552
553588012752568321
553475269873643520
500315984910372864
500335927248429056
524999079127162880
552844436460560384
544424261163569152
553185404657352704
529680484402749440
500292426154528770
552804394727927808
498560433021026304
576687226979004416
553588889084891136
544300178443100160
500360596995731456
553582251616010240
524924225463668738
500308900957405185
577261281125642241
553229808260632578
499579905508917248
524935345998422016
500278485001457664
499397804620386304
524942353355005952
499702088512049152
529667041142124544
544492465185898496
552793539856588801
553211397782654976
536825222050365440
576376097824198656
576349360767807488
525047079325155329
544388658334146561
544329393737170944
552828872379875328
500384777514799104
580332189155459072
553230661012975618
580321327845765120
553586978017775616
524958743000125440
524947716393414656
544293021995393024
552786340958715904
525013278343581696
553098571323437056
576508971923693568
553544252563935234
553498106588049408
500398901028196354
544511560249790464
576736349153288192
498474263255330818
552812140479148032
499478732315566080
552808071387701248
524958384060366849
499705246642622465
499691593985957888
544391790615605249
544386515171020801
552824705703763969
553196035133440000
544338575240609792
544512108885725184
500296369224310784
553491517462315008
499695460358311936
535936169196810240
524935816603107328
544514782456729600
529652829536141314
529729144536723456
544389259491172353
553161401733496832
544428943080951808
553229626756329472
580328297462140928
580339825649291264
544333020023754752
544462918465503233
552815993165467649
525066876058361856
544277852968210432
552814076167213056
525026031833718785
499583349267382273
500288349924782080
524955102554361856
553110609513177088
553187990953295872
553540580912156672
580329875891974145
544410050572582912
544308156625481728
536834351246225408
544299029601861632
552825753264717824
553576010898497536
524948790227517440
544297827258888192
544461661055098881
580357920984051712
553545384069328896
552801979861598208
498515980205948928
529722630363181056
580331913052852224
524939821815721984
553186670871597056
500286170035523585
536845577938432000
552791332935434242
552836444835037184
525019992337551360
499660771857809409
552784526955806720
580333028624457728
544452969702236161
553118198741356544
552789521646247936
498281104865259521
553531130163773440
525039002307424256
524993612279336960
544393165101613056
500360632093646848
544390550497947649
500377191029673984
525039242771464193
576872037089566720
552833681111658496
544307547390607361
544477802255630336
552979571021447168
525031558949134336
544336572141694976
500277382461530112
499704658139435008
553159409476837376
552833662593400833
544301296099270656
552807071054184448
552814494381256704
553221600955621376
500366333461422080
581437061363675136
524957752138149888
544365585417527296
499438977774931968
500322486362202112
536333336353193985
544303499756855297
553126517187047424
529642612618035202
553129378969047043
544416939867529216
552803431702749184
536835327584141312
529643568873230337
553215929107382275
529734565599121410
552838105422913538
552822873773993984
552817783910961152
553228482927263744
553131763468603392
553469733656203264
580328708675887104
524969679790817280
535711053686898689
576316647880839168
500364705622671360
525049481679892481
552849662991151104
524980166289002496
580337831253581824
524949021744713728
580359480782786560
553480257747963905
544500883963518976
553475824369012736
552838613877411840
544271743331078144
553581227165642752
544451052679204864
500339209715335169
500347379938492416
553152395371630592
544508313220567041
552810855503757313
552811408094945280
553169577228926976
576248645365846016
524938137320312832
500287224957898752
552832019940376576
552797058990870528
500272350906957824
500383514567925760
499615655906533376
524934507892580352
576448454005813248
525048987649576960
553111553235361792
544301589931241472
552978385572732928
500316260081889282
499700279412281345
500280658665537537
525052332116312064
544349042952916993
544284078330376192
500363023958409216
552842761565904896
553223992300285952
580350426278719488
553212702714499074
553590653784195072
553157384714342400
552818334643658752
544268900351766528
524950159160250368
544380899639689216
544313132865159169
500370960093302784
552794995942772736
576815428066009089
553215313807163392
524934827909210112
553113509152952321
524965077318107137
500328583194509315
552823691500072960
529666235710332928
552833942777511937
552818300041052160
552811606640721921
544483951524737024
544319667364708352
525061246702587904
500347920210989057
499673760484433921
524944610985263104
553536358950916096
552825236715208707
544400853298184194
552823984358977536
544341369762742272
553147120942084096
552815712327454720
499697037156171776
500396175753633792
500292806175236096
553506608203169792
552818988468944897
580371776619839488
500388477763325952
580351604831846400
552841185199263745
544513199375384576
553528503573184514
499361506132508673
499602370917978112
500368204376850432
553169307824177152
552838203276021760
544518044643770368
499586890837016579
576412997662433280
529687410611728384
544420376424353792
553587225901154304
498494758814109696
529671440829005825
500288971197263873
524932327907270656
544391789789331456
524936137589411840
529757077200449536
553589860880375808
553525290908262400
552791196247269378
553587861837328385
552844593046097920
500402908740210688
499408845127819265
500298752469770240
544378769952505856
553546029212389376
552850611524599808
553129811850559488
499362269269336064
553488850363101184
544373676842311681
524946808271671297
580325043705667586
553488824656203776
524939362048290817
529732310099578880
529695367680761856
553157857215262721
552817711617552385
580347361039413248
580330560331091968
524947971679744000
576825885774467072
553171741804359680
521360486387175424
500317687239966722
552829622128500736
500284871541940225
580353697865187328
498473263862149120
580364138020507649
553109369886633984
552832738542514176
529727006427340801
524929796862918656
552845671477153793
498281812821803008
552812040926941185
580346392431968257
524983828000276480
525053517531062272
544511151900753921
553212338728603648
525033357722550272
576389113319944193
553200552142983168
525029232691650561
500369097360953345
581249720376553472
544334431830286336
525046443103354880
544409400941625344
552802098602319873
544404937380093952
529658492391813120
553151804046082048
553166907596365824
553515827073261568
552984798671945728
552807832257835008
499366152049803264
553181899662049281
500315907567001600
524949939755810817
581256908251758592
535792764135280640
580332990867349504
524956007324082177
535270217689993216
580323315614543873
552801115516186625
499444395800682497
553162459885096962
581305416795103232
544295871592951808
544323450270392322
525001895631654912
500413489882484736
553587511839444994
581063730319925248
553139285717950465
581253085508534272
553537280343031808
544321103875694593
535966185477931010
529738126026358784
553151700950065152
553181586829484034
500286865963245568
553184451774402560
544312876245057536
499606278910398464
529723684454666240
553585840270876672
552822718115373057
553545782050045952
524941124893700096
553503846258196480
580326222107951104
552830674357334016
576412144759136256
500295333486657536
544471218951581696
544515850963648512
524949306101743616
529670383629520896
544510219401703425
499376069485821952
553551286793416704
544289448150986752
580320563891019776
524935633463037953
536844180887449600
544502782267752449
580335578069209091
500365170796158976
576191681827057664
552829096816693248
580334563932549120
536805993334571008
553566829273423872
581063816882065408
553131791553667072
544331094523662337
544361776020586496
580882121222434816
553137849663361024
500366207552196608
529654845838741504
544301925735202816
529725730603925505
544287209730236416
544279603259248640
544334554631536640
553143415899451393
553533499643547648
580350698774241280
524990180034609152
544351356824604673
552812623658762240
553553202197827584
500314545345552384
536844923774205952
500300944891199488
544363757493702656
552792544132997121
498602787614511104
524929497205055488
580364656608428032
524943012602716160
553138330557108224
525007169956347904
544355924224532481
524948941956448257
529710975730323457
544346261365600257
553532452472238080
580330721719508992
499685593857531906
544518696463765505
553501469388058626
499635302764662784
580331527675998208
525040767317082113
544340943965409281
544354657385316352
553567732126736385
553590881371320323
553209912550240256
525070461936222208
500409399865651201
544294274674593792
553579914717577216
498531639472189441
524944978288852992
552805853762699264
499703156889362432
553215523602046976
553116528074575872
544330052796559360
553586860334010368
544520042810200064
553490238979727360
552795585095671808
524958238316298240
576815329172590592
581301336085553152
576477089043488769
576336032809005056
553513403512532992
552797154692300800
553224402012078081
544416436374892544
553175550231986177
580325090367315968
552842983247466497
552807582113730560
524947416869388288
536836469542105088
524979179235069952
499542449753051136
553214783647145984
500427783848615936
553148926459920386
553591679341842432
524953767402553345
544520888003985408
552835209285337089
553487971497041920
553578566563426305
500369479482630145
524997030536830976
524968293577158656
552828400843620353
524978172110987264
552783667052167168
499600140580044800
552798640679702528
525021050627973120
553227238829981698
544518335019229184
553591084409184256
553144889811402752
553539373707186176
544374871812472832
500365332351971328
536828314783346688
580331308146118656
553590273952215040
524939378552864768
552837078854410241
500072155166814209
552825664307744769
552802099331735552
500293511632388097
544504954334224384
544290611856408576
552829031075553281
552799062421164032
552823933381394432
498602841335169024
544478625383608320
500292684192686080
580349419360526336
500366417674268673
536830361817595905
536489596423774208
500309193526882306
553197181151481857
544282355989753857
544287425380360193
553589295525941248
524975847846203393
553522808417157120
552850379453366272
553514329166061568
500287815734013952
553148900811759617
552980862774808577
553125364520992768
552819569103220736
544519024156360704
499362949166030848
524964278030172160
553553112456499200
552846544320618496
544372257674788864
499705545583263744
544345074960584704
553216460164968449
524938288277118976
498259903962570752
544341406094213121
544308531684335617
552849585899462659
524954262657581057
500279189405433858
499363921661140993
525005134624215041
544317709396496384
499662307560263680
580352532167311362
553538939454509056
544518590104621058
553202028575731713
552834996265054208
544496062321664001
544296465619619840
544317609718865920
580329265251536896
544357264333615104
552842642216988672
500409565473943553
524957978806743040
524985046198157313
581460720900050945
544352874969698305
552983615747796994
499526002469797888
553547629963911170
544284455909998592
580337446170320896
544506628239028224
499704570134941697
529652269105815553
544511112654618624
553478289474740224
553560769246539776
580331347752914944
524991452527722496
536830979714056192
499410965075886080
500303431928922113
524977285133524993
544508995361202176
581287723841032192
580350000074457088
553165824979386368
553105121526427649
500359006331092994
553531802347122689
544516101556961280
576850639600357376
544371668131393537
580697361799876608
498297336968515584
552823029680852992
544318036715782144
500277472068263937
552831974784905216
544335202923737089
499700824432717824
552814983797821440
500290464621559808
552846886626164736
553540478403366912
525027116287811584
576770854803107841
544423869981802496
498463591767756800
498487999848800256
525026592788348929
552834461478715392
525032458417610752
544382740750024704
524982066564567040
553163862707818496
552792253601947648
553137068688543744
544301624814870530
552827349667176448
524950203476869120
553588053348843520
535386605666979840
498487087105314816
498544167757570049
500360308289187840
552825739075022848
580322005280493568
580358227713458176
552832584045330432
553592023392202752
576389199202496512
553493222052605952
524932792925569024
552828658747187201
524971258996588544
499438052688023552
576362213134454785
498316826988642304
525010084003213312
500324836355608576
552812188315172864
552801829290270720
552791414388424704
553101451271352320
499567797064957952
529684962778570753
553183067670843392
552801954733490176
553153740925304832
552821050145513472
552808776492130304
552831761957523456
552814770542628865
581063753837481984
544293069957259264
552822330141851649
580336782782382081
552805050620604418
544396816083468290
524935146806738944
553529941938425857
544294402366394369
544427255439425536
544287815790755840
544377502563459072
529720675272249344
552842755454799872
552839289919533056
552832721945628672
553550030553243650
499519439206092800
500292917957648384
498274948772024321
529679172650942465
552813988644659200
544328673097039873
581280784155353088
499563566786433024
544520273718812672
544280217104031744
580317998147325952
552814916567322624
544410907204259840
499626055251271682
544459137674125312
544519788752818176
525019265888702464
529752475541442560
500280847912955904
500291013521334272
499430225043009537
499411840733282304
525061787860103169
529728722963034113
552787878351474688
552810249263259649
553591303582523392
553584366803488770
552849157694947328
499464258183114754
544459886365376515
499357289363431425
500298981558063107
553583867664535552
553505371290357761
553582039106990080
553172148085620738
553222727700865025
552798832359374849
576486732864098304
544510402454110208
580324027715063808
544432946841538560
553218083410952192
552824456557887488
500393530960121857
544377870554898432
581248346309922816
553586781355278336
499612545909415938
529641857513308160
499497872564703233
500236187395571713
525036240848945152
552804175310901248
544385641975676929
552840067199533057
524924987774631936
500299904817049600
499702206455488513
524931110279852032
521375609206083584
553500238246608896
544274364288364544
544279776765431809
553186515359379457
552791065645027328
524995375468249088
544419029905985536
500285962342367232
544410079043551232
544514569339953154
529723761428557824
524961362448240642
524964166936068097
544410895602839552
500420356621213696
544446973667860480
499620682502635520
524958250706681856
524922729485848576
524977767688200192
499699270883110913
524933657493250048
524979756371288064
553563668169125889
553552825431883776
576325381990535169
552837561119686656
544494408515608576
544515097625108480
553176929411825664
544312118497914880
576819222694744064
553214219899117568
498269289812856832
498294764718915586
544316978278592512
525046432085327872
552827757164371968
544416309266898944
544443027570556928
529734113608359936
524960580944560128
552847488571678720
498286202077085696
525032872647065600
499445575956578304
576819219876225024
544328351939186689
552822076676255744
553511977478537216
544315472075042818
552837027616804864
553536887349325825
544503217107648513
552804328319504384
525069189447704576
524965165759221760
580343329096904704
524944881941495809
577258317942149120
525039208139087872
524973223356940288
524991470416461824
500295393301647360
544459333983948800
500407038800056321
524937204552843268
500329800725442562
552846905819291649
576531907606892544
580321948070240256
552831524002103297
500160181184249856
529637341645008896
553180729254113280
552828280806850561
553145759961714688
544444539092488192
553475729187680258
544285819108741120
553587303172833280
524986649315667968
525044725926330368
552824769754976257
552788007603142656
553521697350234112
553231607449276416
553588178687655936
580365755750871041
552817769604198400
552826876398292992
524988712367955970
544268637134393344
553556844665659392
544427333969805312
553100996855885824
498280074941313024
499605248747786240
500422447623966721
552848478196736000
499691702660374528
524937675115999232
524945665827545089
529644561770217473
524981945131102211
544369667096477696
552815443959091200
544461947882586112
544513517706305536
544350087020019712
525067500447612929
536826643122503680
529749273211330562
552810884029222912
553586305272389632
553589285342175232
498255721260400640
553135106609922049
500336040440516608
553587920398221313
580333904126742528
499650640314777601
552839843999645697
544373694068686848
498296205777326080
552981296839131136
544290752533393408
553476600985948160
580340476949086208
529697032659673088
544304742743044096
553221319345844225
524966328734863360
524944569528750080
499381321954000896
544382249178001408
544350565283532800
500312670260957185
553584868685520897
552837499937378305
498603999252467713
499525020708634625
544518859290464256
553570659805454336
552839190921351168
553209983845023745
553555979238129664
544338731210399744
524969483317026816
552822566726164481
553581209193050112
529726825938030592
576857359533789184
544492984880754688
524923293711998976
500250935885852673
524932292406681601
529743499588276226
525023610243928064
499394221984714752
525003253185277952
552801958428700672
524929559909916672
553236009081921536
553500932521336832
544455530756841474
544497307933474816
580369978546917376
553491924015783936
525024066152169473
580333763512705025
552837527640363010
500380708783665152
552842837516386304
524929014621032451
500363740311982081
499706705354448897
499688832300630016
500277301607542785
525009541671702528
580364973664309248
524977992683237376
524974106308251648
553570203678683136
576694748095782912
552806309540528128
553107939926736896
544275138712469504
525006847095615489
544513557912879105
544495359800930304
544518036255150080
544376469279875072
580334199187644416
536666052277448704
553570916907511809
544409869990633473
544377700677615616
580350166005248000
535391478969675776
544515174376701952
524936592159698944
499705599454883840
553100203239428097
553106334607228928
500402449501286400
498497395198799872
544403765575839744
499362441697193985
544314810884562946
580353449721655296
524941132237910016
553558982476828674
544467919003213824
580326370640818176
499695682476060673
524992063553953792
544443266926931968
552810804186460161
553208300607922177
553126072905383936
500430445830365184
552807904597008385
553518024272379905
580320856561209344
552820575752974336
576344015458570240
499511714438971392
500072455931588611
580365806720122880
524995620088864768
576378113711558656
553537551114706945
552826992509599744
529724985775235072
525068915068923904
500311883669585920
524935216134369281
553543032642220033
552846811359350788
552829481962835969
498300128088694786
553583376398319617
544315864397258752
544356122082410496
529776116773298176
553121732387946496
553521417598550016
552978099357237248
498492003903356928
535818207542923265
544483913830531073
544401577113845760
544492614838673408
500310127896199168
524994965366382593
544301961638457344
524959090125320193
529731513613836288
524949136173694976
581287562947395584
544517500118249472
580347290633838592
529736110667468800
544332519861022720
553590522800275456
524944178586091520
544508900595499009
544477834396577793
553532980871053312
544277607723048961
552790838015979520
580320945740480512
553493707472011264
552812475134275584
544288661253398528
552847230693310466
552805450350362625
544495167836016640
499690351875981313
529702197916090370
552821287933202435
529648202379964416
553470907629707266
500319675797209088
544463778780557312
553545386082979841
499364508641808384
552791159232540673
580362323283615745
499696733979688961
576326555246415872
576249853979807745
553117500410716160
581287108607811584
498512372584415232
553483415954411520
553117623568068608
553515054503821312
500361668132892673
581300992194572288
524936881348558849
553199664720543744
524996383120818176
552821862850637825
525033278555033601
552810276635291649
524938162900967424
552839270395035649
499349252938956800
529727813239451649
544323933634564098
552832177138696192
524947424482435073
552804454773567488
544382795099799553
544302851158470657
499519101644308480
553572111441465344
553185825065009153
552837814946394112
544383383095508992
544418204508893184
553530513580118016
544374395540881408
552807027781947393
552790371848040449
525033625788907520
544341194822520832
529652940869738496
524995812854489089
553209232712294401
581248880098086912
499706791396392960
529664525768077314
580320684305416192
552838710296080384
524954833648771072
553584292090359808
544409532324413440
500319801344929795
500271532279877632
553473369539366912
553192373728342016
544510453201006592
553190655011205120
553591758899412993
524950507023245313
544301449845305344
525059193074487296
498264107460870144
544316814856306688
524958498770395137
552805175874686977
544482745637158912
544426670095368192
529634428734423042
498294248488574976
529727601280307201
553501357156876290
553173371043995648
577301342617673729
529728291545284608
524938107142283264
544519284740079616
499426471300329472
499700906384842752
544374018661687296
544309283048144897
529742159352975362
500309745350508545
525022700923019264
535556368552714240
576815154735775744
544390718253699072
553148970651107329
525070811439579138
552786116404072448
553213326277500929
525040509937795072
552834808121163776
524957517294886912
553553331671408641
552848726197559296
536826824219959296
498325055726559232
580325486477357056
544429942323167233
552850079074099201
499361662743220224
500270055540916224
544396078125039617
544480905532669952
552825783337897984
552837268160135169
544383230091464704
553531695480463360
544351885298130945
524960245509287936
553214726629781505
580342519516512256
552819649599897601
553575450329378816
552813155572006912
524951314556796929
552810359409897472
553186457121472512
500430673099104256
580328565255852032
500421515678978049
498316475317239809
580699430690656256
498285529704976385
552985973445783552
500413818368184321
576483978363973632
500314015609147392
524964630221705216
499688532391526400
580346142183002113
544282877278814208
580327692765151232
524946336190586880
529723420268068865
500339512082698240
524979279701241856
529702456348139520
553517713147301888
544496602262806528
552982635178635265
544511693204647936
544337816298070017
544518033902149632
499662393627410432
552787914271510529
552817965813739520
524932558275235840
536828694107803651
552842580929826816
536848241556721665
552851679905734657
544445364322197504
500408829696544768
499706065769201666
553115341338198016
552814130827370498
553115926531674112
552784168849907712
553152448077258753
500284699760427009
525028171549523971
544392718601183232
552810477940932609
553529796601585664
525008613392515073
500406581855801345
552821810572439553
544314020539289600
553189840913989633
499700213792387073
553581668142153729
499698311306043392
553212962044149761
500255282757632000
544281235271745537
500328758201815041
525026219100995584
525063740769972224
498317308771987456
499364522038394880
544510345289924608
524980744658382848
553152831050362882
552801724898226176
544373945206460416
544494312206000128
553540381187780609
500327106824245249
524961721744900097
553185854165114882
544410900854091776
525026947307700225
552829217134505985
500379259698176000
552800929519792128
544306719686656000
524944544681705472
499696550541795328
552812984343330816
500408184562257920
581153923987206146
499649813332639744
498317138554150912
499701576395919360
544332847050670080
544387669766451200
529665662856495104
500278169828470784
544274757689307136
524928119955013632
544519298015039489
552980299769200640
553572754746638337
525055273816555520
524966946467749888
553132819237462016
535425236871544832
529733937170771969
544285508441231361
580319651399385088
536825996985790465
576388172109750273
498272080564334592
500279519455219712
552800223496790018
544302821450207233
544428082749132800
524967620588896256
552812775907422209
544351486956670976
552807236339507200
524946609453678593
552792988376915969
544296985910861824
498320854707896321
580328582993616896
544280399044960256
553543144172969984
552824162969210880
552798010196107264
552823186966855680
552845654637436928
552834961762709505
553591841996951553
544429514525507585
576394839220178946
524982608716120065
552830864187727876
553544694765215745
499556227874304000
552842814061424640
529659390664908801
552814410763603968
524942851944493056
552822841541144577
544474138287812608
524956518404198400
553168792017457154
553477554041257985
553587708367765504
580377378226049024
552798200990806016
552838440103198720
553534838880608256
552840728116994049
544281689233850370
553108153915944961
553233414145310720
544294893146091520
553467311261503488
553166152344829952
544409432600223744
529655746074779648
553545857304629248
524947674164760577
544457324211879937
552811438994378754
524966904885428226
524977651476623360
524983050187579393
524957566502445056
553474965278691330
552835221859483649
544305018439204864
580331132878618624
544301609472122881
524929550493712384
544389893120856064
499706211093471232
525037540508594176
544355845489065984
524970142719963136
544305913260433408
552851546384646145
525069912679923712
529660746645647360
580332312354693120
500363602943942657
552807101442322432
553177465883873280
500258409988763649
536837509167480832
500249081286250496
553235271169638400
536809338766364672
499696948296028160
580336772128870400
544379143136497664
524934142958788608
544317438079139841
500359088757555200
580352417541287936
524935943925796866
580330454869512192
544350985142173697
580327626419482624
581288928646340608
544503037973528577
544427042616254465
529722357267857408
529578734102523904
544392353717317632
499411596255719424
576387464924819456
544289311504355328
500231335668383744
580330986220687360
553486529231089664
524979702940045313
544521880661950464
500287295485128704
499383196451368960
500357314722156544
553566644006817792
553188225691684864
535439290667241472
529749285198655488
553509591888441344
524941272549969920
498285556502372352
544352188210745344
553519375521951744
553135886859534336
524943114885427203
524925987239120897
524977830124617728
552822450824962048
524932635177795585
553590072373968897
499347831954870274
500251503903662082
553553288625672192
552836829234614272
576524931409772544
544518841020473345
552837599304622080
499427833102745600
552848620375261184
544484477930467328
553193866057506817
553145130354765824
529638427462217728
553153190859141120
553589330846183425
553582206019723264
580368417556992000
580335102313500673
553151980928262144
552803839490150400
552833432540430337
544287332061298688
524933399828369409
524965775036387329
553182889379397632
499692915954704384
544463201875025921
552841006799159296
553152675014246400
553587672137334785
499674902060744704
498480344992350209
544438499642847232
544421653128556544
553587278564823041
544320179560525824
544448991518130176
553575302392455169
544520654431981568
529648547864399872
553555848794877952
524938433262006272
529627707382853632
553491005971132416
524944788525973505
498253149707464704
529644676333453312
552840740007866368
552787144415404032
552836968410021888
580359081296293888
544351179044425729
524949526487265280
500284377490665472
544285712653500419
553145603665186816
524942687003484161
525059348574130176
525006853626159105
581546828954411008
544369501857263616
544402785966772224
553567184002502656
552821570423771136
544429467968339970
552836695754678273
552978642968780800
580882341880446977
529645026452979712
553200115079712768
499698825020592129
499701669437784064
544443959662358528
535828163402543104
544320992361721856
552844767281688577
524931019745812480
544513524438155264
544289880805605376
553517080637489154
525012912562536448
524966572277129216
525012561214058496
536825153372831744
553145859089920000
499668221767999488
552820930419109888
544365039663083521
544339368823894019
553131554743287808
498345343629541376
553590880352088064
552831506041683970
544437156505067520
499439550029381632
553137476135432194
553214612569456640
521359454672269313
544331022104395777
499643185581142016
544462911729455104
500360094924931073
552845267289247744
544281012708970497
544476533302505472
524952005157347328
580330302251393024
552845017208061953
553184643055644674
529654321873715200
499693137670205440
580883100533690368
553223882128490496
529664568772292610
544287499397242880
544325938826076161
552821030117711872
552800222553079809
498311895716470784
553172543470043136
524984209505812480
552788720236376064
499601956491374594
552978376424964097
553590835850514433
525044166519451648
500162426998755330
553103334626701312
500281856559161344
553125384246804480
544396608704901120
524947475858472960
499389815268573187
553201549997277185
580331453889708032
581307361857392642
553488054640340992
524949884143927296
544516739178827776
581302297579425793
525021083892994049
553578191391301633
499699435551866880
553123958602862593
553214700155330560
544511811404705792
553531781690163201
552788947219533824
544508035113439232
500391222075076610
552848653132767232
498293668655423488
500247508195749888
529758256596787200
500322242296041473
524937114539282433
553591980748734464
553229956830875650
552847218403581953
529688713253494785
524933534692442112
500359897557790720
581291208506376192
524999488067633152
500315291168276480
544389493273276416
552822944603582464
525057374965739520
544308188909027328
500375545918803970
544321311250468865
544309113694740480
544496648445890561
552807528070131712
553573365798416385
535415869862473729
552786818853113857
544296373466562560
524998881676107776
553559880599359488
553173501369389056
524974518960652290
544388013141143552
525026715123601408
500379055594946561
553503184174710784
552838479844216833
552849194944167936
544402024524038144
544505447911149569
524950428598153216
576842803013091329
544427543336464384
552814974511628289
544298959993200640
553235360722214912
544464445787750401
544468178961592321
524961589406216192
499693751720501248
499362480179912705
577295940278738944
544487579048222721
544274934835707905
544402012570284032
553566200098488320
500353815132897280
499695028407922689
498476761538371584
544475686740967424
552827117663436801
552820025409941506
544314301067304960
552841043423805440
552978435090681856
552789127792717826
525070912199335937
524971386838978560
529738310022090752
553487544508493825
524988783213547520
580333915275165696
580355037504909312
553505458162782208
524972277406773248
580339662096605184
553484365012148225
499440386767859712
524958992330522624
576890261382520832
544323086841954304
525040097272819712
553476880339599360
544308888628387840
552846287314640897
498285782512050176
524949733983657984
524965026256662528
580332109782466561
552833658017824768
552805619301097472
576204915694964737
552801880812691456
544436666661085184
553117778870169600
552818309050421250
524960221694005248
544517440332627968
499692099005325312
529637014527029248
524945585539776512
499655249398075392
552808620187217920
500291056445845504
524939818347028480
499701114195808257
553525347266740226
544419162001383424
544457904422531072
544452087468150784
544388329094270976
544293291785596928
552830459273809920
544504183341064192
498304114955419648
580320890086383616
524958516822671360
552978519328686080
524936931059056640
553180005514366976
544288009747566592
525041399344168961
553553173743677440
576833878981136384
535772174053687297
529660296080916480
500237448798949376
525002842021445632
524954661703680000
499456913902284800
553543939517874176
552822434639126528
580387098039046145
576847722055131136
499571347375136768
525026066944262144
580332410853789696
576231309254721536
553108804934856704
500364250461003777
552805267990413312
544338622078410752
544308793623207936
544351832483450880
544308749725626368
500257318219837440
500344846612447233
544317474498703360
544408496918499329
580706841769820160
500280838710247424
544453251068743681
552789886202175490
580325799078793216
500367591773179904
499379061718659073
552822696200142850
553200047417196544
500283013541163008
553219047048105985
544384662765068288
535952893589725184
552789583260577792
498283038338711552
544514564407427072
553484780093050880
553573066455134208
576321776424189954
524940452383170560
553149347777753088
544295960449265664
553147034707165185
553149163181838336
499654272342953984
552813590919778304
500231484725161984
580351367719591936
500355259341242370
552981531023921153
524995166953033729
553501773517033472
544336585052160001
500320680810795009
577287149516541952
580332532694122497
524946461621235712
498585089828478977
499368533378498560
553578250186665984
552814566594576386
529716182438653952
524978196589334529
552815293349650433
576853097445752832
553537740588220416
576811711652450304
500324234821124096
553126492579053568
524934648473079808
500394061887709184
536835011941396481
524923676484177920
552850022271033344
524954586696933377
498287166909579264
552815091331366912
524991067675189250
500320286341099523
525042177643016192
553130148107943937
500297243371798528
553560429910568960
499673142114013186
544520379176599552
500359377585704961
553145755079569408
576507292415320064
553517548734791680
544272561266503681
553102562665050112
544512398628241408
524934300459077632
581063145256538112
544358920869789696
499402006146977792
576824525339402240
576465897637949440
544301235596054528
581386094337474560
524994809912504321
553182566564757504
535822193150537728
576513463738109954
544416818711252992
552823427862908928
536532934014926849
544348392944463872
524964129745174528
544384839906906113
524953110285152256
553554835203956736
552811254667288576
544305673287524353
553478014785187840
544369653015801856
576716016908136448
552812020295532544
544369229987078145
553174536028303360
544461231549992962
500318003024494596
529694805010685952
553189165509394432
500349179848560640
552979466050613248
576771847754268672
524945170777645059
500290977798836225
524923403183333376
553554032745525249
544406931897479168
498264393185239040
552829306439598080
553152515701612544
544319450569134081
553203041705664513
553215305917665280
576526802056814593
553165418639413248
500321184269881345
553553244845522945
544401029211496449
500356642329071616
553133048611753984
524956449836130304
576499275754041344
553509146730176513
499345384024842240
544444148234076160
544404072179060736
544301025079730176
500225210667122690
524931752725585921
553581501422788608
553576648973377537
552816689386373121
552851421155299328
553540355317334016
524951625556066304
499689349420568577
521369179392581632
525019752507658240
544514988078280704
525041091507388416
498507434693246977
524975093966209025
552820150345297921
552810166744547328
553148339160907776
529726566646177794
580335420703170561
524949435886096385
498248415223246848
581061272856326145
553195806899970048
553463773844238337
553151691512492033
524962199543230464
524923148576518144
544285194815942657
529830606210093058
580327611760545792
553527807771308034
553512076304728064
544409519380758528
553473559352606720
500363097698086912
544292129972170752
553221293298819074
544277336422486016
544510784366080000
544491410439667713
544464695646617600
576833924967493633
544324741239037952
529731160025612288
535804563832315904
553541838494515200
524968205690089472
524976313766273025
553476490315431937
529745609969131522
552826060455550976
525058578365698048
524978422188376064
553481963864993792
524964564018790400
524965047647617024
580333728762896384
553115168084074497
553145690424344576
524945684966166528
576453994484252673
500252508884070400
553540617540624385
500279571988877312
529716453792956416
553136604882014208
552804962158514176
499689757652566016
544384825332101120
576344611519614976
544509652390924290
552795693682032640
580323992843718656
552830850279424001
544513292576641025
553582801833185280
524945676443340800
524942470472548352
553100922268942336
525068253341970432
580323060533764097
544469768745398272
498271954185379840
544285245600989184
553490241445965824
552833028201144320
499698817567293440
553193480319942656
544515538383564801
552816600995614721
552806890498191361
552849797892542464
553186577850335232
524953530193301505
553544336475168769
553540131756732416
552806937470201856
536844329000906752
552839103214288896
552806610490646528
535919972439322624
544467299218886656
524980402495430656
553502749498036224
553541676229472256
553198268436344832
524949003834634240
524955170200121344
500186818374270976
553570681619640320
524987851046658048
498323364197699584
524987107081977856
544336537870434304
524956648151191553
552842342143905794
500378338582884352
544517264725516288
552822465047437314
544448652886818816
553223681409703937
535967306799538176
498433651835940865
544433739539812353
576866204339609602
524991832451981312
552844023996907520
525021358879936512
552822043490938881
553218279557582849
552809902956367872
544329204314406912
576509905596727296
500302577557573632
498487611963744256
499598154581303296
580336849534648320
529667934697029632
498492636630896640
499394946416529409
553538523266318336
553115396006764544
524947870735429632
552817391181103104
499368426931228672
553561762466115584
524939327399559170
553106714682462209
580325714567806976
500278944881725440
544511865729323009
580332232121933824
581245152158728192
553169622762262529
553174247506706432
544278913883447298
525008463819464704
552823940440403968
580324721381740544
552846337746952194
553558824720666628
498575704582148096
552836204283326465
525027958835408896
552824163841638400
580337418550775808
544273888725577729
553156573607251968
576427289111474177
524949443607412737
529700937053773824
498430783699554305
544285296565948416
552832232197746688
544375969687953410
580337327677026304
552821810224304128
498504673339666432
580323456996282369
553536269972942849
544334394912014336
525065123917221888
500427786159681536
544277526248304640
500175929902395392
500402804910206976
544517264054423552
581286157151039488
552840905213083648
552837907174948864
552829011983089664
524938146119966720
524988027425554432
499377470697926656
500377906305327104
553558126147149825
500326873407455233
553108170726719488
525011494896148480
580337292838981633
536844860058529792
580321350750990336
498286045843435521
536836675226177538
553096753898323968
499648712596271107
524987432656453632
576772770220113920
500360889347096576
499405449951584256
544297696308518912
500300813835988992
499406854615597056
553198853487611907
524958741259886592
499649872534831104
553121581187485696
544359670480379905
580342917291708416
524947149134774272
544394005182963712
553136845589319680
500358526804316160
525058825909731328
498292200955195392
553505858811080704
544445607717261314
524945095322513408
524964929083023360
499471162058231808
500234112054341632
524969501704855552
499536812109742080
544515215576948736
553143987377561600
500429525558505473
500283831803326464
581479017770979329
544388092552294400
500163615555878912
580372127125131264
552819986834923520
536843350281060353
553116149333114880
544491151118860289
499359735947087872
544313592477384704
499364002318020608
576775762461745152
499387993879511041
524948554344054785
544301338935312384
580332903986524160
576276947648405505
498318493293772800
524944399890124801
552837147305455616
553589657695715328
580363156721131521
536783143865688064
544307589245587457
544426163964096513
544467822168920064
499674159916789760
524993523746373633
500334308867858432
498292732159619072
553523303453696001
544372545219489792
529730550169624579
499377813758443520
529726966178787328
552826581916594178
544379787246981122
525029016001318913
553480292498153472
524940077978640384
580329747416113152
552815540721291265
524966392702189569
553586940856242178
524926235030589440
524926472432410625
544374563539140608
552835288725061635
580322346508124160
544499449645768706
553214939838836736
500301870145880064
552834411553886209
552817918220984320
498303921430204416
553547270264979456
553588946039746560
525071638464049152
552825459546030080
536846436537999360
553582011324329984
577303162765250560
535926525422358528
580336127699087360
552833236389199874
524975142641086465
553099685888790528
535986492879810560
552841460681572352
552817759684665345
544504889746149377
498340530770939904
499612195756728320
524925223226081282
524954313337364480
500278365031370752
500282674200604672
544518128798294016
552836775191019520
552819208212717568
552839800433410049
552799640488517632
553205691742425088
524926528342487041
553552493561798656
535438499432771584
552807783385800705
500315536937324544
544391085150457856
576548875072335872
580353986991112192
553538304332017665
536223820131360769
552846353416867841
498310720350863362
499406086945136640
500235112785924096
553105493255000065
552815017402589184
529664593921314816
553520399300833280
544275597464444929
576641067317096448
500358258654470146
553188214522249217
524970851675176960
498305825341845504
553161360503500801
500284494201757696
544311814649942016
544518445870497793
553556984273072128
499705746377150464
553557753558757376
544395106426425345
553194417239363584
553113395487330304
580320825351471104
552816561514635264
553492417023057920
580336341080260608
525040408653754368
580362104110071808
553546967281061888
544410806167678976
553110780745629696
544368246271406080
499663992697417728
544435863946416129
552984527295873024
552791719272775680
500192488003354624
500072334578159616
553540719714271233
524931083797004288
500349993539358720
553102901619748864
544462912644214785
500386524416856064
580330441854435328
500297358908071936
544287991959539713
553096978788515840
529725387400835072
553480082996879360
552831842232324097
553166766977740801
553529196216344576
544362279006113792
500383956362334208
577303343728627712
524951585231994880
524980219749597185
544379489263042561
498466570675716096
553119505887395840
552841583251701761
580331981130498048
553098796108750848
500296158476906496
553473629854646272
529726642902810625
553177822312013825
525066628359127041
552982124274647042
581262528107384832
499665889198088192
553234578086055937
553178273895956480
552794286849536001
524978999534317568
552784600502915072
552838324977545216
552827164677373952
524937597206790144
500177556768034816
552805638024077312
500359125310922753
498272364560257025
576528880208637952
544376732649013248
499674991294951424
500353295903637504
500301519854379008
580320242020290560
553543467427577858
525008469385302017
544395712130449408
544416582256967680
500361847070269441
524954630279925760
500070108099002368
544521260840267776
552791578893619200
544271185903484929
524935731148775424
529691396169809921
553535441828605953
499705810076053504
524974566830247936
524981436252950528
524955062486196224
500294349872062464
552804408233193473
544352727971954690
498486539585069056
544520586576547840
498284334806495233
544274879055675392
576347888168644609
500380881563811840
544309497041133568
552829129356496896
553591049541914624
544380441210277888
553132534771744768
524961561677680640
500261600579043328
544284957766463488
536822580720984064
499636076852420608
552981694979248128
552833268362772481
553168698677030913
580338546856235009
499588291335692288
544395613043818496
576348679231033344
553219651594125312
576382704700256256
544360342995099648
498322865843109888
525029433632366592
544470398881259520
552785391653494784
553555389611274240
500378522398244865
498535462349582337
544294692456628224
544301313459101696
524952883343925249
524985687704338432
544327278469988352
553583108105441281
524938009834450945
553135991083769856
553530667821457408
498313143530303488
581290271997968384
553171989385728000
500396427378298880
544310166242734080
544334939374641152
500341884678836224
553103772852191233
552822783311630336
552982828963856384
580322349569994752
499553593041903616
500283314230419456
552793552376569857
524930293921107969
544300256981430272
544287252306997249
544329431998038016
500073002101665792
499691501136650240
553162401940770816
529739968470867968
576780691616198656
499655603405725696
553587816048099328
529657418985525248
544520121436213248
553200726403710976
552830521340723200
552824383816073216
544400775775289344
525048557569454080
544519635916169218
499575076468305923
552808785329549313
499691429359517696
544316684736028673
544302827330224128
524989886483673088
536825222608203776
553535467065712640
544497137221136384
553558611306090496
499446567229603841
544306402731507712
544366723067957249
524943132409212928
553514505633017856
500371149713178625
499362994862960640
553555600911925249
544299273664593920
553234456522522624
544301012492632064
553224082213601280
536826273667227649
544290967369428992
524948520605069312
499357077429817344
498500813845966848
524957974226550784
544332510440595456
525027651908800512
580326045238333441
522286703848218624
552981833189969921
544277113683980288
580326012749221890
544465040666288129
580323498905702400
544513510450155520
580326978546495488
576806702454075392
553187282295877632
544365130138808321
544426421331169280
553536236493615104
500365059390836736
552835794646212608
544381144620216320
544519021702311936
525018288330272768
553136565296582657
580329560350183424
552830433688571904
524943812339437569
544352649978843136
524940803601227777
553140194606469121
553187959835725824
553476288103477249
525020980037816320
576192621351145472
500403838877462528
498483485133516800
544291619084959744
525072912957452289
544338698750664704
524927809773649922
552831230735962113
499657337985323009
552851189675470849
529704637301923840
498497371899449344
524952094986350592
535342545283588096
544439380329644032
553556728651210753
553205261847236608
544411992279093248
553158824979619840
498532911143206913
553135255583219712
544512910538838016
529738730748534786
544427216516698113
544290646010261504
580370275121938432
500279951275606017
524987150413336576
544293739221368832
552834558706847745
544476808566276097
544284599996526592
500332097064550400
553576849943826432
576546827643703296
544519358090084354
544489340584222720
553160213839486976
499441454498852864
581062604988162048
544378468931076097
553159810179661826
500292202845982720
553586523338440704
552836100814032896
524926184069808129
525038296921960449
544419788739461121
544351969658564608
544429185255481344
544296671950020609
499672226887897089
544444261027299328
544296096244441089
544414028752121856
544280765111218176
529736435780583424
553583809602801665
544508725420380160
524923341359300608
544374313848430592
544364507342979072
553109813807575040
529691342168141824
552823014866563072
580320964875014145
500213598149672960
553478677359775744
577297951325876224
544407157077467136
524924954287296512
524945879455653889
553124268196642816
553557308937363458
500355828227252225
499703794805276672
499412661176926209
499569344184340480
576821792834232320
524932056560963584
524993533212897281
544315187608973312
580329153553141760
500358907383275520
552984474729062401
544512514651066368
544326461952241664
553171877464920064
552800290861510656
553127899033640960
580352455952732160
580335545265627136
529655582882791424
524931913426157568
553017543330648064
499598945417703424
553233728030650368
529671638539698178
544444189078208512
499678305134448641
544518803225604096
500375440285237248
524976857822011394
553144428584398850
553549680538578944
553115176057065473
580350587289604097
498277674692149248
576794571629166592
553561452318322688
499682060793937921
524981689781870593
552794942759010304
524958383468978176
544503425082613761
499592320900431872
544394858405060608
552804592988479488
553232531827740672
499698366402789376
576452724281102336
500358061698347008
529763954231607297
576821651490340864
553160652567498752
544343367279456256
529735706386898944
544329935943237632
544384255825289216
544369574842347520
576820722426839040
500359075045990401
580321156508577792
498267196833808384
581303832895885312
553137601457426433
529679359301648384
553123329561743361
553542417673367552
552848961372176384
576671947091779584
553591317478264832
524988555178045440
525057025785356288
576597020065996800
499360134779637761
552829571750715392
498489114384420865
553529935789559808
524976980799000578
500360244187635712
581394092648710144
552814460193476609
498530293116968960
500074069354905600
552828504060874752
552956517197303810
576763653329809408
553209843939831809
553550888770740224
576855835445428225
553506091389440000
553178341596233728
524958227768020992
544286686142685184
544341255174356992
524949828711620608
544395804190855168
553561170637238272
580324697415360512
553591518619893760
552981008518500353
553588374280601600
498541831052083201
553528740618436610
498262106937237504
544501464849059840
552824885484224513
544434475807936512
536824260615237632
544499892010635264
500277477986828288
580351083383517185
552816883012239360
552836586191474689
544351967829839873
500183912384319489
500395288335360001
580328783619579904
581295422414680065
553589469849583616
580346992074842112
552850603714826241
524987184836005889
544406288231174144
500284091305299968
499386726414954496
552802515969138688
499690869784846336
499527157023277056
553164722380742656
524936008870400000
544326782334558208
524989654995849216
552845250268766209
524962072262881280
580319999887347712
552814213081866240
500277421506306048
544486142763347969
553118438332571648
544518583112314880
524937542131793920
552822887988883457
553591760668991488
536141476460507136
500308574703452160
577302850318938113
524985092343889920
524993166651318273
544482664515121153
500303238810574849
553529789794250753
581246782765719552
552795566242279424
576709199146717185
529664917239250946
544370712639590400
553152215050125313
552792271243210754
544384467809230848
500371231183745025
544400801083686912
544282449388519424
500359356589019136
499601812005998592
500239577387659265
552816933851394048
500405877460193280
544419416578850818
553181500104269824
524958128392376320
498289596463980544
552812399997489152
553536397731442688
552982613288157184
499705915227271168
499696137708658688
580330104846475264
500400102125879296
553575232867672064
553186739326812161
536778036180680704
544372222400671744
552824126659104771
500419556629041152
544333764814323713
553555207410700289
544512691948498944
553169114102247424
581258486861983745
552796895513681920
552802117908697088
544450135988899840
553161912968417280
552978225010184193
553159439457341442
552825083941879808
524953569762766848
499381843955707904
552805596198871040
552817367995002880
544403112656527360
553559793940447234
552837310707171328
499647059688173569
529722288971984897
544391323214573568
544396260740845568
552787544837197824
524923678472286209
544309060883845120
553222038379180032
524926445496197120
576406521833086976
544337761600557056
552813011803836416
500389488217309184
524942952733220865
500314788610985984
544273050188148736
498508707244683264
553228537084116993
498512590260023296
524947368865964033
553197863971610624
553589055116836864
544350480780914688
553555705945288704
552831881847533568
524928878075457536
576831447299796994
500332042648055808
553571432475951105
544424408027115520
580320856905269248
524953604717686784
544509086998749186
553560480586166272
544470979842281472
544442448965947392
529733930199814144
500308076004929537
580359809041604608
500320316602974210
553181902543126529
552791034447794176
553218281705066496
498275621651636224
524968330172850177
525052526593601537
500385877684539393
553195808930410496
553538939076624384
553176976698376192
552821730100924417
577294068851421184
553477943616634880
544516530160300032
529712119391199232
580337320508919808
544321934410788865
500359983301939200
553229592480481281
544430910511140865
499651830951841794
529669184670941184
552985912901001218
499366930457710592
525055967076290560
553185062829948928
581473088249958400
580342401392312321
552985297307598848
580359057825009664
552816288612225024
553225828625297408
553145236268916736
552829386773516290
553508098825261056
552838074636718080
552818368487911425
553213362713399297
524963322525798400
552829082388660224
529729927835557888
552827825603219456
524965786059026432
580335608477982720
536833763326820352
524975705206304769
544360928603799552
580323152103911424
544307417677189121
553579715014172673
580327924978569216
529762820108607489
553098785132670976
544389770009276416
576746408184676352
544519577733173248
580329219646988289
553107921081749504
500293872162205697
500363141034020865
553103134210666497
552841157785694208
553131566172737536
544298121379852289
524950887119482882
553526283033133056
500361647144574976
529755373721632768
500315532382707712
499560002341044224
544492209861836800
553183420499894272
525035832336736257
498302603034640384
544354418938740736
553541601482784768
580354367796166656
552985855854661633
553541197491634176
500281094239817728
525021132022628353
544488899100147713
499488337338843137
525044004287971329
525025114111635456
553546679161745408
525057606151602176
552819350504493057
500420906670256128
524968466559033345
552827981069291520
499660768908832771
544277728930062336
553176411541098499
544317494379294721
499368931367608320
525036393983381504
552836167029514240
544291853227786240
553207514222063618
576350258021675009
553533859032477696
580321317527879680
500411055315910656
500385585807499266
498499836900278272
553578029751226369
553470382129565696
553517380995792896
552836516775354368
576327507093360640
553479280014151681
544391471458451456
553187683510812672
580329096024047616
544440498594017280
500318966422589440
544460097146331136
552796269069209600
500364914796802048
553206989925658624
544479045149130753
581299354431987712
536830857403961345
553122276913471488
524943721302089728
500375839498723328
552978586559188992
499388619425980416
553227258782306304
544288799711592448
500368901365317633
552818821460148226
553474514496278528
544476597512699904
499650234914713600
580326111311171584
553591653647138816
499703651079045121
553151506556653568
544402515085623296
500387844758994946
553534768537939968
499649754822103040
544302938374426624
580329886532968448
576833011955679232
576819925005680640
552847548776742914
552981889619722241
544280739290677249
544300674448887809
552822544341139458
552808138127446016
553487356733313024
552790074166108160
580330161725255681
553127274829328385
544313008642461697
544432190281359360
553224215676354560
552842140188147712
529692457337118721
552792193992519680
525033697045925888
553462249562832897
525060022569422849
544320939245043712
544512676643500033
576397815406071808
498286281894682624
498300832648273920
553537460920389633
552805169206157312
544476492281827328
500072137374171136
500264892134207493
499692589143298049
580320267777511425
576813256905486336
500296692713783298
552785367972450304
544374511194632192
499405013261635584
499358869492367360
525026973459165184
498284429333524480
553157352091025408
500386978467414016
552818301530025984
524944537618485248
544372177965834240
500359673334493185
552801028262096896
553550448154910720
524969137660231680
536827540829384704
524994747883323392
576732099304095744
524935485370929152
552833483325059072
580336568419921920
544282393801007104
524928863714168832
524960247518330881
544483404528775168
553151749008424960
553215658784456705
552816590463315968
529723362894176256
544298376851111936
552807536894947329
581293286268129280
576494602070441984
553227441712668672
552838203078873089
553131797379551232
576402376073965568
544420375224791040
499702462865874944
524980504324358144
576889130258419712
500283877567770624
553535221828964352
553551282967830528
553180071775993857
553481335948709888
499700083265269763
524983599851130880
553227389061582848
544363471660277760
499595283504701440
553208946350362625
529670566031421440
500384393362698241
521350916872876033
576379928914046976
499439795618480128
544427461136502784
498248648699150336
529720273285566464
581295858898989056
544309893969092608
552785375161499649
524958173245870080
500354853680340993
553195969282867202
576513091287945216
524963649455407105
553529334892609536
544444661859749890
544407393451646976
552826238407294977
553206304396038145
553592081483321346
553586393189212161
500353227951718401
529728664137904128
500368579875704832
552807328287064065
553124563266306048
524959778125385728
500246996163129344
552834033600966657
553120696910364673
552817490263572480
553529101659566080
544372701285351424
544508479675711489
580365368805486592
552810805243412481
499427218171248641
544267656597995521
544301786849640448
552833148128862208
544384498947719169
553107688591089664
580398796124876800
576320540983582720
544506347438735361
525005886272843776
499608179362521088
553586538928676864
499453886474637312
553215879979085829
500309222635360256
580339547269144576
500318336719134720
553100279089205249
544411585070911488
544420432099545089
499402444267212800
553152208691539968
544385086955589632
553571541578174465
529695299200360448
544477048048082945
525034457086959616
525025463648137216
576821399983026177
536504937401049089
553127546129117184
553587329626292224
498609222020780033
576417507277467648
553566279953842176
544435685864660992
553145422097969152
500358195408551936
544283387087691776
580330690807394304
553558131369062400
544436750097973250
576892395930955776
553176753297162240
524959332656349187
499439571520991232
544458558432350208
499698828845780993
529732350402646016
524934004152082432
580364236330762240
553584683892871168
499652797030088704
553578348111085568
544447768354639872
552831107985858560
580320745974288384
544273563872538624
553465105028222976
544284483453595648
553592195786506240
581550667753504768
552808904137408512
553170984824733698
544436279442546688
529706188032999425
524949628689461249
544420349052342272
544512465099587584
524982954880413696
500176071476936704
524977321430630400
524977812852461568
524966582544781313
580327625626927104
544280873806610433
580882302621843456
500381163866062848
525036180379676673
553173654121742336
553101388926840832
544462825952133121
525027317551079424
500266977814790144
544427753785659393
580318938996740096
544340578528272385
576573355404431360
500359312447787009
524927356830760961
524968337747767298
580347464907153408
499687644045918210
544291829290508289
525044678765187072
500404509592387585
544401573968097280
524943658748219392
552846698524184576
544516164333080577
544357899783655424
552807834434699264
499361965035491329
553230256992423936
552820331204055041
552822314157768704
529726244834017280
553584782987497474
544396587192311808
529698410879025153
544292146342531072
544473507594113024
553112230292496384
524954241547632640
553590811355795456
524925215235911680
544434192478519297
552831978522021890
524926643325132800
552848590373392384
525020733622464512
580328535790907392
524961513006964736
524974900017373184
553133704881917952
499401831874043905
553502446769942528
552846565950627840
544520195659014145
525018717038854144
529761572881985536
553477352542707712
529723420993683457
553128245420257280
524990519777443840
544434964985421824
553149508637708288
576781604821053440
525037656820826112
544310222547087361
544519396828672000
544350712365207552
524952437137092608
580361142666563584
521358118597689344
544319274072817664
581409613913804800
553165538499641344
580333881687195648
529651454832037888
529674474019651584
500312651797233665
529669611030331392
544286833362747392
544378515378814977
524933764330586112
552843285468020736
544271815044894720
544415105358643200
552849865680494595
500307273659318272
536805431360749568
544289941996326912
553535765997969408
552811319079227393
553160244847984640
499657584836874240
524961070465945600
498600617645199361
580327197921120256
544291966536523776
580339510883561472
499512318410375168
544459726948286464
576874788683005952
499674825753772033
535708968837206016
536829324092268544
552814845016694786
552838171323817984
544367253857525761
552840037642297345
580882674413375488
524955557686284288
553174639158231041
553226624976420864
553227856046596097
580884417343815680
499655869412286464
544288856263360512
498256407980826625
500296080710705152
552791831390732289
552827966950866945
552810138114195456
544346107900207105
500404132394459136
580332684905431040
498292602861400064
580322026029654018
536425735771414528
529664783599943680
552814137857036289
500288581081260032
524944006577668096
552786099899494400
524955850591334403
552822739388882944
544355417900716032
580882701063979008
553145137086607360
552813461953323008
553583059761897473
500316380063748096
580347068457308160
553589860892942337
553476471470432256
500397785246466048
500399181627162624
580327960638521344
525036457732231169
499387698390790144
544354175900196864
552832817089236992
499409455814287360
552813494345940992
524959715957424128
553159773555023872
498474035668586497
544347292493705216
580336348764065793
576592351776346112
499529014797557760
525049639016615937
524953077456318464
552984916070531072
544302448522035202
552790875492073472
553185370108878849
553512735192141826
544325896661114881
500306837103968257
544316576645017600
544319905076903936
553097004138913792
500285919539511296
553156988356820992
544509140911919104
580329206158127104
552832169496694786
500286293688193024
525071809226346496
552827819521085441
524949243883425793
524955620538343426
553121522769219584
544414430025371649
552807874192482305
544292670336925696
500362679039840257
524937574281121793
500345408150065153
576464933648371712
500382270340214784
524963002768842752
552843236797349889
552806757672964097
524975031059632128
544279262547935232
544384680376532992
552837190360006657
580355192908095488
499699006298419200
553530558614351873
529746217098825728
553536603998945280
552790742700417024
544450560460480512
498290802255466498
525030331775463424
499345023721537536
525030165190303744
552813549291315200
552816686752358401
498265095559184384
500358977046474754
552827133500719104
553551934251343872
552799100715167744
580329935601958912
524924034124107776
525052976562712576
576494415851626496
544454229960974336
529778109290012673
544271362022338560
553554351633858560
529695308302000128
524927695633666049
500359323588239360
500293392060780546
500408607561629698
553207216774590464
544420067774316544
544512867144192000
544359578612559872
553547836517007360
524932935137628160
524922507380670464
544280707800264704
498527404386578432
544433367765110784
552819316702199811
553546292748898304
576407819353780224
552799606833430528
552841477819473920
553542208214036480
581314363644121088
544326741674967042
576225987119198208
500351760402493440
499700579527299073
553551148280729602
544504859290906624
524976835881205760
552847427410341890
544334477011349505
524983581983375360
552836844560609281
544373513407062016
553103832717094912
544495066258362368
553127632947396609
580341214098137089
552798310889566209
524974456851410944
553151132949053440
529683211774083073
552824320389435392
499553298668859392
499697652385464320
499385227362328576
524922499466022913
553497508970631168
524935586025861121
544305999994421249
553129478008758272
529446466541326336
499700838127120386
529723708207030274
552850092806258690
544380742076088320
552804769241526272
553590459688570880
544287922166726657
544409517224898560
553472225798795264
535942066694803456
544284823041212416
500350150695743489
544276027644850176
553472557978902529
524938857180303360
580322453928431617
529742801274429440
576465693798957058
544416937178976256
524950339074523137
500278045597368320
580336326634962944
552833941930274816
552984502063337472
498300256678076417
553117423906590720
544406665223999488
553586275438301184
544511391349354496
576475228928385024
536825223061180416
544450710926934017
524956129017995264
553157600225677312
553496489641902080
553556060569862145
544521166543548416
580338165824667649
553545000110538753
552812811651272705
544343410849886209
553197197618339841
524935791794221057
525069509342683137
553485452943302656
544387967037763584
544283374911627264
544420963429797889
544389986809036800
544511915158810624
525010245811466240
553580499395174400
529628988683976704
500395231305826306
552787231468191744
553547637832843264
553559095798931456
544423787949600768
544513407400304640
499355083734519808
500393439482368000
552985389523148802
498486850521423872
500197999205965824
544451041396531200
525044262648676353
553591494255210497
544309275141885952
581404604677660673
524957872296583168
576617856919465984
553548567420628992
525045709402148864
553137946740932608
552851433247477760
500307001629745152
524962450786226176
524941727753568257
500399997113098240
536825396990607360
524951439417044992
552979279039197186
498268463639851008
553210080829906945
544277117039837184
500303864495882240
498321666267561985
524937968138878976
524963878904823808
544333172180537344
553472437644320769
553105942460760064
553505242554175489
580334309422161920
544298334354411521
500405384503238656
524991119164473344
576796432730071040
580319968484421633
580326762673901568
529627706057834496
525019469983531008
524925553489760256
524979089787330560
552821282447040513
580351390570135552
524995942995746819
524934897367285760
529830319982407680
544519486167330817
525041601890881536
580364889736232960
553587546614427649
524941504796962816
552845393541988352
552814627399012352
553585862987235328
553537648938086403
580333946271113216
544283714751328256
544293177596067840
553212333867012096
552834182905221121
525023912221212672
544372465078505472
553566026030272512
529679551631089664
576807652145160192
500314823117115393
499651344622694400
524949073154301952
544494787168972800
499706059691663360
499706350759206912
529771847186124800
580340024736116736
553561169923829760
544337689676636161
553538456207777792
552821991850668032
553587013409325058
499494187969298432
544516142983684097
580336766663540736
544422134127525888
500263680026869760
529735459069788161
553171056589279233
580327576218046464
529692613780439040
580333827425439745
553558513210105856
535241189234982912
576510163596795906
553542245966958592
577287176288776192
580377478184755201
498271531386953728
553470140042735616
581260171688718336
580886010575257601
524971165056782337
553125301090525185
553543395017510912
544293770926120960
524990163446140928
544510827433558016
553542442373619712
580328000400564225
576860610400501760
500322373359661056
553099800951136256
500163501961142275
552804198161854464
552979992603533312
500374427448516609
544514538797035520
500315609171636225
552819824007872512
553225701701066752
544518337498058753
524955251464736768
553541776854634496
500325111497777152
553127086706397185
552842042242789377
525039686931075072
524969431534153728
500364290545958912
581063928953876480
524983395026497536
552790565642067968
581318271321931776
552836913091330051
544373504419069952
580356429615337472
498277197581664256
552796091255894016
576565012086579200
544281014768795649
544492843499540480
529727794826457089
529695075560071168
580328463585841153
544451181754744832
552786299875520512
576656873681731584
524991576163250176
525024518713397249
580337873691533313
552815274848964608
544458445764968448
544310853613281281
544511773223968768
553468593141469184
524974779540197376
498472666802958336
553535829529100288
499648409767538688
544270745744846848
576515871876767744
581256046448111616
552794514424102913
576829262927413248
552985611070881792
524928195011698688
499652256288235521
552793679082311680
524956731638841344
498457205801488385
552812098057936896
544286537299787777
544497191155290112
499507509171060736
529702797349253121
576859807388418050
529590949136326656
544521433473634304
553588704913416192
498602798687469568
553132714446950400
544515665319976960
544353552177455104
544292798887784449
544464731449196544
535524640031256576
544484515742482432
529653029747064832
500327581514993665
525028955049320448
580332380436709377
552787144373460992
580351758213447680
553143017922912256
500382853147164672
499581469027618816
553533607126388737
524948264148160513
544294890343915520
544519245087121408
499590929611640832
524925050739490816
576767713328144384
544301455952588801
529775890767437825
524957429889777665
499695074855624704
500360248767840256
553151670796820480
544465890218369024
553589419933196288
544385535909715968
553164985460068352
576238005951811584
529654186791944192
500313811195158528
499478126570004480
544415425140776961
544337283801829376
525029954908860417
553114158989074432
524956415589621760
498305962726273024
576341809812623360
552801667855695873
580334678340558849
544367862211952641
552828573896413185
553485654030446592
500274697485824000
529645279159779329
524936456742379520
524954028287877121
552817205982019584
525056576038518785
552795056080691200
553532736187924480
553198344034865152
529660692832739328
524967572689522688
544494652418949120
553554585634496512
544361266718846977
529725420162539520
500278858156085248
498273703428620289
552808461940301825
553159290987364352
553502311872733184
552834481183539201
529689679411810304
553148984509100032
529399936434327552
580339310299340800
552820533507944448
553469263650906112
552816010752167936
544435023282470912
553551225560764416
544290995462889472
544355218251452416
499638207987089408
544384394337611776
536837810805039104
544367010894086145
524955385480753153
553144448452792321
500212911856295940
553524086417424384
553586897168392192
552835385043062784
552815332931665921
529647261689864192
525051365195014144
552835109372825601
524937243518312448
498274692873351170
552831460236099586
580333909008871424
553174338380517376
525027539845410816
524951948337098752
524947071770435585
552845136414380032
580345253179342848
552849968546213888
544492053900836864
580349159569539072
553198972287082497
553479222434729984
544362543997665280
529729262593773568
553480333954678784
552815712432316417
553210869010935808
580324985148932097
544403913076924417
553540739058376704
553126044375732224
499457882144796672
544355987608444929
544300361360498688
576382568586706944
529714629745082369
499404849835175938
529702439164067840
576409244968361985
580330660537192448
524922078638903296
500308705083400193
544289409294553088
498285405142540289
500277481119956992
552851710880653312
552819155859431424
581247332282306561
498310006169538561
553157114156560385
580377986941206528
552993818816299008
524941318389501953
544353600273518592
529657139959451648
524955159840182272
498530904139378688
576394422813769728
553464709899616257
552831705351225344
580321203757387776
544293261506928640
524976963862429697
524964948683005952
544483282352889857
499383640267423744
544372384690872321
544272537341812736
529701740925698048
552821475066281984
553585596959318016
525070933556350977
499665704300191745
544341124614459393
552809336360419329
525027873867198465
580322653472493569
553548404102414337
553479401296625664
581066887200694272
553175336926449664
552811735183552512
500286460210462720
552821437678223361
553213740137467907
544487556700598272
529722264615673856
553184390260338688
576443643680178176
500289154581008384
544434450918932480
581254429996920832
580337440738713600
552996335319007233
499657337548701696
500277311652913152
544425492971941888
552802714816905216
553219770053443585
544482559900393472
544472530921480192
544281591833317377
536848962775678976
581387966125248512
581261457725210624
544411313779126272
524974318087061504
576643337173749760
544385829180035072
553175451506855936
553502180666531840
500224586064343040
529689763230797824
500363831957135360
553473704060284928
529676682622664704
500277940253634561
536827886926565376
552806462125506560
580335510280892416
544282015487787008
552847251207241728
552836975741632514
552814978823385088
552825303341740032
524969144832491520
544500288183607296
544310691600302080
499703369108553730
553548487225532416
544305859904286720
553535227214438400
552829971631472640
524975552638504960
544387390752567297
524950395110842369
500318980007948288
524924660480487424
544271069146656768
544415318345396224
499691224169590784
544278985249550337
553591259672379392
552805069956329472
529724757366022145
525040492388823041
499690323883589632
544487672145018880
553104503520890880
576794158108581888
544343625069379584
544503881527742464
552807054268956673
535440024930902017
544321631976296449
499590048313262080
553232704708546561
529725532569886720
524959390332239872
525022821534429185
553503995872808961
544305463048015872
525060425184858112
553539778088816641
552814766369284097
529773194027073537
581302544116379648
544435030127161344
552834842837409793
553591548613386241
500364003734867970
544405871703240704
499637476315910146
524928223499784192
553574650450825216
553226059836297216
524997921042071553
552980714610634753
553226143307161600
552811354323963904
498269636551798784
552832996676730881
499689919929798657
552787361437057024
552810287695659009
580335409202348032
499667557247614977
524966770428243968
552827123963281408
499565555645685760
553225809444749313
553104721503088640
500186504279625728
552847959864274944
525000220371734528
535482306585042944
553163190138580992
553546063752478722
552840805678084096
500350777844457473
524947604690702336
580370249712697344
580347646465949696
544510450101415936
553569060882235392
544280397472088064
580883727624065024
576840804834144258
535517405921804288
499697887434248192
552849116280393728
552815387759616000
552840606074953728
553574345235103746
529730384989544449
529734612998955008
500307863894786048
552837655105658880
525068387899031552
498254540870017025
498286918011224065
576755174531862529
544331918506872832
544384349395628033
498584409055174656
500394005419409408
529739770524860418
552810448324943872
553518472798683136
499676350064508928
529648452511473666
553587511864598529
544438309267578880
544274797640044544
553470733180223489
552817293969739778
544499381731622912
544399649025433601
553137557601812480
524949069945634816
500286984162525184
552808487924011008
499455799723184130
552980261512949760
553203538579701760
536844209982959616
524943804051496961
500298588992593920
544353502689251329
580329111064686592
524947964620701696
553126953268834304
544439521236893696
529735608676413441
524957554829717504
500308546815131648
499598115888848896
524987263835721728
552820265994829824
552982669840355329
544333236243947520
500249630664560640
553534707108155392
500280477920796672
552800045096259584
499366666300846081
553226479904231424
536831367959420929
544351133120987136
552818868604129280
552829904396775425
544298354029506560
524970966842376192
553144712920834048
524929106987991040
524953508978909185
576429318701760512
500251535943942145
524961408740380672
553480702067736578
524936365427806208
552807658869493760
524982531075371008
581061914001821696
498263598062661633
580348878370828288
552837132491186179
552841287670308865
500171743466901505
524980775741956097
524930594950479873
552830599002857472
544465862942797825
553161458931236864
544366894107480064
524960277348233216
499408988422037505
552818922798727168
553134790925619201
552798891994009601
498504707393220608
525012689568161792
525003468659228672
500322285916401664
524955871689052160
544345939054710785
544279950929321984
525038517844709376
524973444946202624
553588080964558849
553204399439642624
544380433014591488
499375535458643968
552835339325558785
544515489016594432
500272399867068416
521381662551474176
524943504192311296
552799669521481728
552839385209917440
552829396265230336
500378522788315137
580331071457333248
553574501964079104
500294693356175360
544281589749137408
553195827397926912
576855819125432321
552832784046108672
544300945820352512
553140461540343808
552827606715076608
544515546633355264
544324444773433348
552792131447037952
553096943455727617
529654489356070912
544300088747884544
553105208008773632
500347948635791360
553539631149756416
553537870431268864
580338392782757888
553192641328734208
576723588952276992
536760961692999680
498269697453084672
536810390739755009
544304298243653632
525034687245582337
500247666924986369
544316500002484226
500315237375954944
553588106587545600
552802606696136705
581377529124130816
524936966492942336
580328132932022272
500298847550472194
553131713376047104
544288681021145090
552826580741795840
553590746637668352
581296960830881792
552803757864787968
553590721207615488
529724254183780355
544376073685712896
500308708988301312
500176354185187328
544408293192368128
580332485030125568
544266241511133186
544336408144781313
499699366660423680
544419497667751937
524955317201666048
544505129810944001
553555432577708032
553591093498224640
544287083343671296
544511489869373440
499698964925796352
553543319423553537
529773317889064960
552827008800280576
498267673789472768
529649368656134144
553225359928213505
553570818031374336
498279420885360641
500335355904540674
524934381828603904
536514538850750464
524936872666353664
498278882244853760
576357849204412416
544516427827249153
553200573387124736
529763844176896000
581257660118491136
498274493337702401
580322332348190720
553196453938855937
544357487911395329
524987990524047361
553470977972375553
499540195734065152
580336554406711297
553105460887572480
553196571194851328
553586959596396544
576836412051304448
552839936521830401
581047170637381632
552836854085459968
580320329203093504
544401675789033473
500288693031419904
544317165965303808
524947036228317184
553567716414484481
499467982943186944
553580959661309952
500285938824908801
553143905039159297
553104539898089472
553587352086384640
529664974978023425
544511263788003329
576860819322880000
544282227035869184
580351149619953664
498254340310966273
525031610136014848
553197212726218752
525007810871164929
524930499790131200
553124985900785666
500290867681587200
499524024012386304
552808242276229120
544284577318318080
544316046379716608
580357700791468032
524979925343014912
499585144416514048
524943063937208320
524982699220803586
524967231902318592
576639665786249216
553196263064498176
499412821671968769
576427952860045313
544512187171995649
576480269835845632
553470492565602305
544514127197388801
499409692834021376
529627936622931968
525028734991343617
581299253743501312
500320616428601344
498287947301814274
581405344288608256
552845840247971842
544494273924562944
524926279309860864
500388199064420352
544280929154637825
552850725467082752
553155988917075968
577294310573502465
524935758143324160
544384041391517697
500377145349521411
552980760500916225
544269997745242112
552841650582847488
535656301833895937
500368969854103552
553589970775343104
552991544731774976
580370309884182529
552786016906383360
524974135030874114
529723023591743488
544470843997564928
544411097797644288
500305514447003649
500295570393542657
552826724774592512
544446269968908289
552806117328568321
553119235904643072
544355197435142145
552796619104866304
500321506371850240
580371845997682688
553585504093224962
544514474963922944
553552293371871233
544323358327070720
500287479015292928
544297247567917056
500396027342376960
553160909208559616
552817146166652928
499684402616864768
544439832466817024
524941529928839168
544410576894427136
577301582917816321
552836985493409792
553582301003931648
500189389855916032
544427938372792321
553551279620755458
500284699546517505
577309214663684097
553109319764291584
536050365406253056
552979420227842048
576863192854462464
552838568717344769
500347114975944705
552797828977029120
552793409438904321
552789550238801920
500260514807947264
524923480173981696
553146691344695297
500298091627823104
500397058541379584
552814280471367680
544360851646709760
500329864017498114
524970488590651395
524981513637888000
552841562963464195
499407248427188224
553192366098898945
524948710812581888
500378874656854016
552824742097719296
552817101057318913
552819983915700224
581325197661376512
544401468875616257
552829176018112513
499501246907432960
544332613532811264
552834229722038273
544282127404388353
499520839860367360
524944637489086464
544415616753745920
553110751238701058
552816062593761280
544436330856329216
552827029692104706
525047767325220865
498616975850225664
553122359398260736
524955386697515008
500360095738626049
500362083221786625
553592040374947840
580323165068509184
552829046485434368
524935023380545537
524958409381384192
500388703114895360
552814317096407040
553587542067773440
544515781367582720
553582057537146880
524946921547628545
553177833686589440
553537939041701888
499568802267672576
576471501081292800
577298811460128768
544391412075069440
524967727266398209
553590750701551616
544425457471725568
553556643456507904
499689438092726273
552789196906459136
580368137796743168
552851629624803328
553531343834202112
529695483661664257
524932574909857792
524940716733370374
500269950876286976
552809042687819776
499642374428307457
525015836226895875
576836049151868928
553555948883959809
553221281181859841
553541988490825728
580327418084364288
544401374675341312
553164381673259008
529746982106324992
500431179925823489
553533193899368448
544490976253726720
544517624114081793
524951711941922818
544435708299972608
544429350376861696
524948866773184512
544273220128739329
553516364879904768
552823108537954306
525069752566575104
544366824997912576
499693411503726592
553158826435018752
499699779426066432
544456216907636736
580332832544976896
552784882687299584
580318210609696769
498251940997136384
552797114863198208
553207267685060608
524927288077746176
499691556652449792
553145736045801472
498301635756838912
553582812964876288
525047104239333377
500387959468982273
524979946218061824
544319832486064128
552805209424941058
553542093683974144
544288968624578560
552838559393013760
552834732325879809
544425494763302913
544301900682629121
536127932918681602
544515671347200001
553199320053592067
553120849231089664
552845028130037760
552838134627860480
499361017038905344
544511558173601792
499431474731683841
553537322218553344
500296988077076480
553551435762503681
576757242042703872
576790814942236672
580350403734310912
524949897221795840
553115236992290816
524940659778920448
524957105296404480
552844893148938240
553230614712033283
553098799380717568
529691396098510848
498477164380299264
576321889276207105
529757088881573889
525040252948189186
499444325646757888
544519480018489344
524984505376182272
576795865433706496
552792913910833152
553496697918468096
553184958958022657
524942946765131776
529700827557285889
544499931101548544
544313043463987201
552808669646036992
552810032765497345
544511130249744384
553181386069143552
524951456362012672
524977669902172160
552845542536261634
580334729678966784
544417680284192768
544293716140126208
544516240572940289
580322066374721537
544282714237448192
552815575672836096
580344006682505216
544326597055369216
544521948924248066
544516079129993216
544269749405097984
553553813542797312
581255457022570497
524965723672961024
552831101312303104
544404673357021184
580324933525467136
524945814796644352
544518647881170945
544444409769512960
524947502903345153
499699989237747712
576812998418939904
544357935439417345
553586510260629505
544356213837017089
544516478821613569
544463701030354944
544452299641192448
544486187478433793
553215634864345088
553555293645590528
499703127193305088
524937421180653568
500328451929559041
524983236712476672
499705963126202368
544517991086710784
544492454016475137
544311959483473920
552791115599192064
544307161589772290
500347484154372097
525017500061536258
544519166582337536
498253652755111937
580331706860871680
499437429690888192
553588913747808256
544412083714928640
576435578691956736
553229177055219713
499410901033054208
499596695705894912
499690835059814400
553508524320653312
553568095978401793
544516940367413248
544272134764122112
525048410831736832
553548440563908611
529735674405326848
544428421745741824
553219195056693249
577342598592901120
553544039241224194
544391533240516608
544292342430449664
529637505981624320
525023057526947840
553570914143854592
553524183594844160
552787599031828480
524985325190656000
552831266945794048
553542235661553665
525065430713790465
500270780832174080
498483784296448000
544307028815253504
552802011733716992
552829395690201088
524950584349454337
544271815007145984
552822812281692160
499660656769921025
499622667142844416
553588760060125185
499532858399412224
580347364562587649
552807191775043585
552817061203050496
553553724548059137
524964223185850368
524960814944747520
553491540535156736
498276304635322368
544520795511611392
552839972911611904
553503546382249984
544291965513134080
500354773133299713
553188974811185152
553177099843149824
553562348376850433
499620598994444288
553180236591169536
500283291493494784
544296772592336896
536831866721280000
581132461960249344
544328059482939392
553180503969644544
553591055833382913
500277625773121536
544359422726664192
544297331906973696
544430771688439808
552796506642591744
553583847850663936
500280422295937024
499446112147628032
552791203432103937
544508666724876288
529715547538485248
499696525808001024
544317301064208384
553205492458475520
524930400272265216
524949887591653376
552805956619628544
552797170295144449
499699803576881152
500339589601431552
544389639046721537
553177321218514944
553174713061892097
553117857609809920
552984940900384769
580347961256837120
544294794139533313
552802128688078848
580359405620858880
525023858831523841
499702134279913472
576767882945789953
544391946513305600
525030963781595136
544337383215226880
552978476605923328
544304200423723008
544425928290750464
525011747007377408
544435176479027200
552814216550563840
499652628825899009
544518707825750016
524943615437848576
524928960615186432
553461741917863936
544292910578278400
498488195047096320
544519083300241408
521346721226711040
580317556516483072
544401367540834304
498272309535191041
500298315368390657
524926768054956032
552825473160736768
552807210041212928
580332876081811456
525051210349289472
544280650455728129
553227288859664384
544348695076954114
529723807591038977
552837644959621120
544367462012432384
544515971637968898
553204017552457728
524934419270742017
544287902079803392
553590751888961536
553544419602104320
544428261602623488
524955388190662657
553496228055777280
524979152944779265
580319856496644096
544458458527834112
552851772658561028
500343812863311872
552808135006887937
552823198484819969
524954161054756864
544305540286148609
498294367405477888
500251242124173312
524974786460778497
552817675408523264
553471193110421504
544399927045283840
544517721757847552
500320235841265665
580325458870460416
581359544682614784
524926698165633024
577269239779893248
544520434767503361
498357910603575296
576842966964117504
524956294395224064
544356724871036928
553196930768330753
500274132756738048
553489907524829184
553194632520421376
529655766509445122
552830668607348736
544497405237161984
553171841913602048
536826754770685952
544443259804598272
499690032601772032
552785443813457921
552816020403269632
552805735885991936
544307040932601857
580323877429112832
581063377226637312
553558385048944640
524947744809418752
552830966411321344
499360784666071040
500319233558192128
544290258951892992
552799591255384065
580885455257882624
553566877956734976
553473416905629696
544383649131806722
499360762167848960
524966565788520448
499602333404504064
500273257262886912
525067419635576834
544449632131375104
580330740086243328
525058976376193024
553129559173115904
580332255693942784
553589051044151296
544336432609775618
525012247249428482
544342204576038912
544512664769396736
553573875528007680
499530401136668672
498300897051807744
524959809402331137
553128325217275905
498294815579467777
552815122897727488
500264535471980544
525032520124207104
525030416261337089
580328198564651008
553587735613952001
536831867329466369
544306591235710976
544329092100005888
576867083331497984
524964279456653312
524954105471840256
544340812448804864
544273427075710976
552797638807281664
552812951208722432
553480900869361664
580326473803767808
553189024941481985
553479315711864832
529713467184676864
553586421626568704
552842236883652609
553144928721973248
580318717860532224
524943490887991296
544349773676179456
524951696376487936
553484760233017344
553586246883475456
499699052389208065
524973811092193280
553544266526760960
500335761615355906
552846893588709376
544408991649251329
524949028728221698
544399562866053120
544508411178536960
553231667523883009
553163210715844608
553526191399776257
500391462073532416
544275574642835456
529721745486659584
536842041586876416
544379738240720896
553140613051215873
500378223977721856
544427133398175744
524948206023880704
553560488056225792
529679905483915264
524976773671292928
553167429665587200
553553966970044416
500336373833170945
544516514519343104
500376891623079937
524949026064850944
552986187364065281
553135802495270913
529731453865955328
498349598197702656
525035564014526464
544277516773380097
524950679274942464
580328029852856320
544280516821024769
552819064301961216
498303769915191297
536848662135980032
576830057496248320
544277817987330049
525022663102963712
524974975623892992
544441034948636672
500359117132017665
544492919567417344
552833393734721537
552799317602615297
553531413459660800
500290098647547904
553124985137815552
499611719090450432
552849316021551105
544431559320014848
498473515302260736
544415156659175424
552783238415265792
576794571448909824
524925600318754816
535449972913614848
524969201102901248
544513035118075904
581247335998431232
498254929942028288
525025695425380352
524965406377664512
552844311096983552
524996756220956672
553535642848989184
544443154964152320
529540733020405760
499541439962185729
577311956048154625
552821223676444672
553552772277481472
553151201253294080
552795050502270976
499349294034743297
544421245698056194
500242061279637504
500350460122136576
524953017389707264
544275733607366656
500263561298710528
553186555150749696
498452658605535232
553155289235881984
553567076728963073
499581876668227584
500256984768475136
536323971239903234
552847035108323329
553558108866637824
580319184652890113
544317139323473920
552814767417876480
525055052801515521
524947129354420225
552820842544246784
544296463027961856
553543369604210689
552843349246619648
581335535832039424
544309096351268864
544314464569675776
580322927679279105
544280617160949760
576319832800555008
553484530804613120
525018799347875841
524931324763992064
544383022876065792
498356729634390016
552847627319259137
499362348940144640
544377326122057728
553477692591726592
552816302780579840
498276354434277376
544377463581581314
498283233982025728
553562569169199104
524971492820647936
553468492700454912
580331677899202560
499705042178691072
536836468816498688
499705041238765568
553538559609942017
544521141335764992
544437117963616256
524965597793107968
544305745416581120
553136237083889664
580336661206331392
576769677592039424
552843136238899200
536832547062165504
529647809243648001
544491160803106816
524956372199555072
553227220765130752
524957773810135040
552823301899575296
544462330105712640
580349424058175489
524967510563889152
553535971959275520
544312732443348995
580318669483413504
544443377643954176
525045145079533568
524929769469538305
536844922088091648
552786361758265344
499435341259223040
553184082277187585
544300369765859328
525007664544493569
544329251487756288
552791182670327808
524933380929245184
524935769614331904
544487291465392128
552807598966059008
552825257707335680
498556324868009984
544314234541469696
498482619232055296
553131557892804609
552848426812313600
544363222296297473
552983003308515328
552788886355996672
553114307383541761
544405761925738496
580399487740297216
580320161082830848
499690604302192640
552837035732381696
544388259359387648
553138598980370433
553542565593878528
524951419175309312
544440724192628736
553214358948683776
544398776236904448
552783745565347840
529775258698399746
580319078155468800
552821977061556225
498277231253127168
552790878805168129
552830684021424128
498480911243948034
580343941825953792
500277854341697536
580331561398108160
552813223360352256
524927789892653056
500292129802186752
553503909692841984
576600087066869760
544297950134816768
524981223291383809
544458083129229312
524986820850106370
544353257175654400
525071376084791297
525046462460477440
544496262629036032
524942802908876801
525030117014507523
500382437655207936
525000349648949250
498499795192143872
500270284117925888
500285282650832896
580319458004193280
500265950667870209
552807013764575232
553205372719472640
580366761398239232
544390130682068993
553220369721483266
552804839886184448
553214576956043264
499365436816105473
544442068639416320
553588326578417664
553560219981459457
553566870750908418
553469523945590784
553124783043649537
576393784835072001
552805799106732032
500288284195426305
544334612718055424
525034332474601472
499611069565112320
576330947588558849
525025552634494976
500070699768496128
544480936960606210
544286172109758464
499574200596983808
553547659404148736
544353918315397121
498255816034893824
544309943533600769
524980483479076864
500288263320768512
499697648866045953
544350803125735424
552984347754897409
498274934553317376
544444021066563584
524929893759737856
524937594090844160
529828486975066112
500339591392817152
552841049467400192
553588494661337089
553129117215100928
553538483474534400
544338622422335489
576516069516525568
