524936966492942336
524949073154301952
524981945131102211
580333946271113216
553203538579701760
552810855503757313
544436279442546688
544305540286148609
524955850591334403
524954586696933377
552790082533752832
525019469983531008
553558385048944640
536832547062165504
524950203476869120
499684402616864768
544518803225604096
553566829273423872
552789521646247936
544400853298184194
544513072006967297
525008463819464704
524961016904294400
498512372584415232
544287083343671296
544516530160300032
500358195408551936
500359377585704961
552838568717344769
552801028262096896
524943490887991296
552981833189969921
500313811195158528
499638207987089408
552804175310901248
553588326578417664
553505371290357761
544390903839088640
544479045149130753
499674902060744704
544299439087550464
576715243948118016
580328302939889664
581247332282306561
524941124893700096
553229177055219713
580357537083576321
499363921661140993
500375190535421953
500421515678978049
544451052679204864
580336069192843264
500365170796158976
576694748095782912
552838287929663489
553489837542899712
553165418639413248
499598115888848896
580328617713897472
580329265251536896
553166907596365824
499704336935821314
544477802255630336
524927281048080385
553516364879904768
544367010894086145
498275621651636224
552815387759616000
524943063937208320
525068387899031552
553502749498036224
529679551631089664
544280650455728129
553151132949053440
544304200423723008
553229956830875650
576794571629166592
498255816034893824
500070699768496128
580364493928181760
529729262593773568
553537280343031808
544437117963616256
553164722380742656
552805209424941058
529695075560071168
524968337747767298
552832177138696192
544306616137293824
544459882075017216
499512318410375168
524950584349454337
580883510103281665
544365585417527296
576821399983026177
580353986991112192
552840905213083648
580706841769820160
524991576163250176
529706188032999425
524949733983657984
544320992361721856
500303431928922113
552824462958395392
553110783761338368
580346858846822400
525006853626159105
552825257707335680
544504889746149377
552785443813457921
553581958455123968
580333881687195648
580322066374721537
499701114195808257
500286059918274561
544470979842281472
544336585052160001
524934004152082432
580352455952732160
544320179560525824
498317138554150912
544429942323167233
525052332116312064
580370275121938432
524969878823137280
529694805010685952
536844860058529792
524968466559033345
552837016350912512
544468997916614656
552829396265230336
529775258698399746
529726642902810625
552798891994009601
552841049467400192
552839869387399168
524930678983753728
544311959483473920
552835301547442176
500341884678836224
544288135564107776
544518583112314880
553172148085620738
553185370108878849
553195969282867202
544469768745398272
500261600579043328
553506608203169792
525019992337551360
553188214522249217
552834229722038273
576814014438703104
544337816298070017
553542235661553665
524926528342487041
553553202197827584
524950507023245313
529705050453835776
524982954880413696
552839843999645697
552817146166652928
553590946970206208
553581668142153729
500280477920796672
552816302780579840
580362104110071808
553197863971610624
552831107985858560
553553813542797312
544499892010635264
552819649599897601
544402024524038144
544350565283532800
552799669521481728
500277382461530112
580326111311171584
552850611524599808
524989886483673088
544514474963922944
581318271321931776
500301519854379008
499401478235099137
500237448798949376
544401675789033473
499612195756728320
552840805678084096
552845255796461569
544301609472122881
552842580929826816
498492003903356928
524927695633666049
552836985493409792
552813549291315200
544354840042680320
499520839860367360
544381485591982083
524956731638841344
552825664307744769
576192621351145472
525056576038518785
544319667364708352
544355417900716032
580329875891974145
552838479844216833
498259432237969408
544430910511140865
552825459546030080
529742159352975362
553539778088816641
580332832544976896
500069586063335424
552805069956329472
524940014065811456
580333909008871424
525032520124207104
536837309078200320
525003468659228672
544285213891629056
529733015862513664
553175451506855936
498500813845966848
500307863894786048
499697652385464320
553227238829981698
580321948070240256
544287902079803392
500176026882678784
544315472075042818
544332254068350978
581107798932631552
552822841541144577
581252958446329857
576472861528961024
544374871812472832
580344006682505216
553149508637708288
553586940856242178
499700861900435456
553118438332571648
552840606074953728
552845840247971842
553120849231089664
580320612155060224
552847370489430017
525067500447612929
529667934697029632
577295940278738944
498325055726559232
524979702940045313
498310720350863362
525065123917221888
524935731148775424
544408293192368128
544497191155290112
525034457086959616
529702456348139520
553469263650906112
553231667523883009
581394092648710144
544385535909715968
553574709669814272
544293177596067840
553576648973377537
553583108105441281
525047104239333377
499653470417199105
544350803125735424
544324741239037952
498286045843435521
544301149348982784
544425492971941888
576427289111474177
552817061203050496
525046443103354880
544420349052342272
500353815132897280
500285732578013185
553205492458475520
552813011803836416
524965047647617024
544434450918932480
576857359533789184
544314810884562946
544365039663083521
552824320389435392
552835385043062784
525033625788907520
544512514651066368
499432169836531712
499655249398075392
552826270866616320
500269950876286976
524936872666353664
552814627399012352
498495764486950912
553131566172737536
529664783599943680
580332903986524160
525033778637721600
553145236268916736
576860068316057600
544391789789331456
581264214809022464
580329096024047616
553147034707165185
499554114024771584
544281591833317377
553579224402235393
544480905532669952
500210207986028544
580343329096904704
500217516611108864
524935023380545537
580323152103911424
524938288277118976
580329206158127104
524958599433691136
552850925510225920
552842814061424640
553183099610095616
521361857810939905
544301624814870530
498305825341845504
544290967369428992
500399181627162624
552821810572439553
553205427253829632
500320235841265665
499643185581142016
524974779540197376
544514564407427072
544520990538358784
500296369224310784
500380708783665152
553199664720543744
553544078768766977
499467982943186944
544303499756855297
553506337121107968
498284334806495233
553172543470043136
553214358948683776
576453994484252673
553515827073261568
544332510440595456
553592040374947840
552845250268766209
553541838494515200
500282674200604672
529712119391199232
552821977061556225
529664593921314816
499409692834021376
553551148280729602
553137713163943936
580333827425439745
525045203648790528
536827540829384704
529590474005544960
553536236493615104
580699825030754304
544433367765110784
499651344622694400
529665662856495104
576382568586706944
544329393737170944
544429467968339970
544519396828672000
553586798451257344
553490241445965824
553113395487330304
552838710296080384
544497307933474816
499691501136650240
552842983247466497
553540355317334016
553583867664535552
552802099331735552
553228482927263744
525020980037816320
498480911243948034
498305962726273024
544511489869373440
553184482241814530
553545782050045952
552807536894947329
552824742097719296
524964457936863232
499695028407922689
499526002469797888
500311883669585920
580321844089212928
529708410464636929
544416818711252992
524949439367380993
544463189447294976
544334394912014336
500390232756617216
553531130163773440
553530524183326720
552978030935941120
499439795618480128
544304742743044096
544478071340806146
580321925265788928
498430783699554305
552808776492130304
544275733607366656
552826876398292992
524949315245322241
553589372084162560
544343625069379584
580342670511472640
553212962044149761
524955159840182272
524932292406681601
544403765575839744
553185854165114882
500360889347096576
500377192841609217
499381843955707904
544388092552294400
553162815402672128
499409455814287360
553529101659566080
544477834396577793
544504859290906624
535804563832315904
580341214098137089
524951948337098752
552807328287064065
500360596995731456
499357077429817344
499692788993511424
553148844574511104
581063906682114048
499692589143298049
525040767317082113
553573875528007680
544336572141694976
544297950134816768
553591760668991488
524952437137092608
524983236712476672
524949828711620608
529644561770217473
553521417598550016
552979571021447168
525008469385302017
544406212461473792
552837012689264640
525070912199335937
553195806899970048
529691396169809921
553111820786204672
580322453928431617
524935216134369281
552832019940376576
544329935943237632
553113938091462656
535391478969675776
529666235710332928
498301902048997377
552821475066281984
529828486975066112
544519622389956609
498541831052083201
544282127404388353
499657584836874240
499607500187250689
544520042810200064
529720675272249344
500298752469770240
581063753837481984
499689919929798657
544406832073416704
535472483756154880
580336568419921920
529723420268068865
529643568873230337
553131713376047104
552982908865368064
544382892378714113
553483415954411520
544476808566276097
544289409294553088
544286833362747392
524928119955013632
524925553489760256
580328708675887104
553555293645590528
500363831957135360
544373513407062016
529627706057834496
529572620782825473
576526802056814593
544389893120856064
498292628455034882
552838324977545216
524923341359300608
500315291168276480
553181386069143552
553108804934856704
544390718253699072
576872037089566720
544358533819420672
552825236715208707
544415105358643200
581245152158728192
499606771246567424
553104721503088640
576530892119793664
544308888628387840
524969431534153728
544305913260433408
552809902956367872
553535467065712640
580332296336732160
529680484402749440
524976526891417600
499703033174179840
500287313256402945
553114158989074432
553108242856177664
498292317296812032
524940623594287104
500327120770301952
544407139205132288
524981436252950528
525058633730891776
498291267756130305
552820150345297921
544462911729455104
499387698390790144
500402449501286400
524923462398513152
552793409438904321
580334729678966784
500386619564650496
544451041396531200
500349179848560640
580326473803767808
500298847550472194
544462438310375425
544415616753745920
544512691948498944
544409532324413440
552808658510561280
544493536771854336
544519486167330817
580361142666563584
553567184002502656
576819925005680640
498277197581664256
524986210402705408
529655582882791424
524935485370929152
552787231468191744
544389639046721537
544284455909998592
553561452318322688
552848620375261184
524977992683237376
553582465734832128
580325235653799936
553232704708546561
553589419933196288
553554351633858560
544455370476109824
580364236330762240
552813420136128513
499590929611640832
544368246271406080
524945684966166528
536837509167480832
500279571988877312
552848653132767232
553506091389440000
553589610014867456
580338194731962368
525027958835408896
576382704700256256
499699270883110913
553176976698376192
553196453938855937
544425457471725568
544323450270392322
524980504324358144
499517463457849345
552842642216988672
553231607449276416
524987150413336576
553591494255210497
524963878904823808
529727813239451649
581255457022570497
552808461940301825
544516101556961280
499556227874304000
553192366098898945
500388703114895360
500413489882484736
529627707382853632
553200047417196544
525026947307700225
524929550493712384
552825739075022848
581247335998431232
524947716393414656
552812188315172864
500277808883830784
524931083797004288
553195808930410496
544374018661687296
581287108607811584
524924954287296512
524951439417044992
525027651908800512
552794514424102913
553566200098488320
544446667312091136
581295422414680065
552811408094945280
524976773671292928
544309060883845120
536836469542105088
544352727971954690
553478677359775744
544406931897479168
498281104865259521
524965026256662528
500281856559161344
500362679039840257
553123329561743361
553468492700454912
553126953268834304
536733651544072192
498494758814109696
580318669483413504
524934897367285760
544427543336464384
524985689905967105
553484365012148225
525012912562536448
577300802294804481
580336772128870400
552805735885991936
499540195734065152
500280838710247424
544521880661950464
500322242296041473
553100203239428097
500070716650565632
544465040666288129
552984511051751425
524963649455407105
553120696910364673
553139285717950465
544281689233850370
499621957747224576
524944637489086464
544511263788003329
499601956491374594
553203041705664513
544288799711592448
544391176137089024
544296772592336896
524947196131966976
524990180034609152
544444021066563584
524931110279852032
524943886553468929
553111553235361792
552803792618799106
500281094239817728
498280730070622209
544483282352889857
580319206400475136
553495922639122432
580333314415919104
544510402454110208
552827123963281408
500347379938492416
529730804688375809
553525290908262400
553503546382249984
580326012749221890
552842761565904896
544292910578278400
544440498594017280
553526283033133056
544452299641192448
544312118497914880
576477089043488769
552837168482492416
544389259491172353
500378338582884352
544298354029506560
524932635177795585
552842140188147712
524955062486196224
499554248292458499
500370188970524672
544327577406410752
552798640679702528
500360248767840256
552829031075553281
553501469388058626
553521697350234112
544401029211496449
524965077318107137
499362348940144640
529723708207030274
544341124614459393
580882906014474240
529729144536723456
553506985413713920
524954241547632640
499388619425980416
553464709899616257
536837810805039104
552832584045330432
544444661859749890
524943721302089728
553129117215100928
524978912145985536
500380881563811840
544512078518968320
544420432099545089
552851847581413377
553161912968417280
499387985096237056
544394858405060608
524970488590651395
524969201102901248
581274572823130112
544306118273794048
544353793270243328
553157744061325312
581256908251758592
553172900270727169
553160213839486976
499497872564703233
536848139836481536
544295960449265664
499394221984714752
553213740137467907
576770854803107841
553544266526760960
544269749405097984
552843285468020736
553146248652681217
580399487740297216
544307547390607361
553527964856352769
524951585231994880
544294639805923328
544290646010261504
552794157484634112
577309214663684097
553524183594844160
499647059688173569
576831447299796994
553563889104093184
500359323588239360
580349419360526336
499581469027618816
552808701065953280
499702134279913472
524979089787330560
544301961638457344
544300369765859328
499669671034257408
544478625383608320
525027539845410816
576746408184676352
553205691742425088
529725730603925505
500302383747194880
524966582544781313
544464731449196544
552985912901001218
576397815406071808
552787544837197824
524973811092193280
544417650680823808
552801724898226176
544292342430449664
580353737769820160
536783143865688064
553127086706397185
553582039106990080
529660101683318785
544491151118860289
499519101644308480
536805431360749568
576346280336756737
500385868041842688
580322346508124160
524971165056782337
524953110285152256
544326461952241664
553140461540343808
553528788383191040
552803413583360001
553145859089920000
581061272856326145
524978526974668800
498267196833808384
544419416578850818
524959332656349187
580336528955691008
524935146806738944
498527404386578432
552817711617552385
524978422188376064
499444325646757888
552811606640721921
536844923774205952
581546828954411008
553582206019723264
552789252690706432
524960851493924864
544271185903484929
498303769915191297
500288693031419904
544293694166536192
553222727700865025
544511736465072128
544503881527742464
580324027715063808
499674825753772033
553491005971132416
500294693356175360
544330542871633920
552827117663436801
552807528070131712
499691593985957888
552820735513612288
524943012602716160
499678305134448641
553543939517874176
552797638807281664
500263680026869760
552842762505428992
500375545918803970
552792131447037952
552791719272775680
500280422295937024
553523303453696001
553112230292496384
576468519598104577
553477692591726592
544298507868200961
580380219921580032
524968564306882560
544421653128556544
580351083383517185
553535468290453504
576480712699744257
552823014866563072
552981008518500353
544475686740967424
552847230693310466
524934419270742017
552978435090681856
500328583194509315
553587167394791424
553566026030272512
529723420993683457
552817785949396992
524962748237889536
524966596897685504
552805956619628544
552822739388882944
552795693682032640
576338374925164544
499676350064508928
544396563116589056
553591980748734464
525053517531062272
544274797640044544
552839936521830401
552823933381394432
500359006331092994
500283831803326464
498355319979143168
498274493337702401
552809336360419329
500359673334493185
576777148217843712
544410576894427136
553591841996951553
553184451774402560
576175612336992257
524948618776944640
581404604677660673
544438309267578880
500347484154372097
552823029680852992
544330861680664576
544357899783655424
500400102125879296
553588053348843520
552841006799159296
552794942759010304
544519245087121408
553148984509100032
524937560276344832
576393784835072001
553581669710831617
544347292493705216
536228944299958272
499553513471741954
553176411541098499
500356642329071616
576427952860045313
544371668131393537
580323060533764097
524923678472286209
544357563534680064
499704570134941697
552841650582847488
529652269105815553
544357487911395329
499406086945136640
536845577938432000
500329864017498114
544427333969805312
552815575672836096
552784898743099392
552789196906459136
576356996145917952
524935633463037953
500231335668383744
553532452472238080
544359422726664192
544470708093747202
553137601457426433
552814382338826240
524948710812581888
524997921042071553
552802128688078848
553138598980370433
498286918011224065
553545857304629248
553188225691684864
553103832717094912
524977767688200192
580377378226049024
553563668169125889
576773359729426432
525011747007377408
580326871302316033
500070913836982272
524941041301225472
576344015458570240
553556060569862145
544476597512699904
553125301090525185
580325243631321088
536839580419231745
536848962775678976
552797406094716929
553540478403366912
553487579077550082
499397804620386304
552845017208061953
552813155572006912
500308076004929537
580329747416113152
552823984358977536
552790878805168129
544306591235710976
553160652567498752
544277117039837184
500371231183745025
580324985148932097
552822314157768704
553151670796820480
553542784800792577
498483784296448000
499560002341044224
525036393983381504
552810805243412481
544402012570284032
576465897637949440
552814916567322624
499705915227271168
576657704933990400
500318966422589440
524940077978640384
499704226294300672
553214219899117568
544513524438155264
553104539898089472
529654486974099456
553143519536500738
499362949166030848
553226059836297216
553536397731442688
553220172925132800
580330064384028673
500284494201757696
524944006577668096
525067386849091584
535386605666979840
544416582256967680
499652256288235521
552824885484224513
499364522038394880
580353540725452800
552978519328686080
552800929519792128
544351885298130945
499361506132508673
499626055251271682
524947129354420225
552980760500916225
524947414050816000
580370309884182529
525017500061536258
552813223360352256
498531639472189441
553575984054951936
524952995034042368
499704416937975809
576732099304095744
529664917239250946
499397048878501888
544297247567917056
552833662593400833
499402006146977792
552819316702199811
544396816083468290
524925215235911680
553587303172833280
500377191029673984
553490160344502273
524932558275235840
499652628825899009
552829571750715392
553196953480495105
553567850301231106
500073002101665792
553155289235881984
544282393801007104
552979466050613248
552839385209917440
580352792700821504
552837078854410241
552827981069291520
500397785246466048
500171743466901505
553152400832606208
553552772277481472
544283745939767296
544438653410639872
529652689471569920
544425494763302913
576417507277467648
553582049282768897
524992063553953792
552984231748829184
553586959596396544
580336782782382081
553541988490825728
544287332061298688
544513510450155520
500290464621559808
580330104846475264
525027317551079424
552980862774808577
544276027644850176
552831881847533568
524925600318754816
553182889379397632
500426437392732161
553131763468603392
524943804051496961
553172609211596800
524935345998422016
529630665168281601
580330721719508992
536831867329466369
500320680810795009
553517713147301888
552836913091330051
524961561677680640
553532507623546881
580883864521818112
553117778870169600
544288681021145090
525005134624215041
536824746298843136
580320945740480512
552979275776032768
553493300242432000
552833268362772481
553157600704204800
552828400843620353
580332232121933824
576592351776346112
576327507093360640
536847375802052609
524957872296583168
553476880339599360
499368426931228672
524937597206790144
524942548066791424
529647809243648001
544517624114081793
553101451271352320
553587511864598529
552814137857036289
553533499643547648
524949884143927296
529702797349253121
498287166909579264
525016983646244865
500380282097520640
498276354434277376
544496602262806528
524995942995746819
524988555178045440
552821730100924417
499703254637219841
536830857403961345
552820025409941506
553140194606469121
553581501422788608
553546029212389376
553587816048099328
580320856905269248
525010245811466240
553584366803488770
544519140552507392
544315187608973312
552790598823186432
524948206023880704
544414430025371649
544306719686656000
544424261163569152
544385086955589632
553185825065009153
499602333404504064
553518024272379905
553129559173115904
552834754056556544
499655869412286464
553550448154910720
525038517844709376
536127932918681602
553469733656203264
498300128088694786
576821651490340864
553587546614427649
576790814942236672
529637014527029248
525036180379676673
552811354323963904
553186739326812161
498294248488574976
524995375468249088
529399936434327552
580327625626927104
500372391407931392
553209917944131585
553232531827740672
552837527640363010
544297331906973696
553532736187924480
552983300730404864
544361266718846977
553169577228926976
580338189904285697
553563780928770048
580321317527879680
499683602452717569
524979152944779265
577308426902056960
552833028201144320
553143017922912256
544293291785596928
544393766287970304
553560488056225792
524964630221705216
529755373721632768
544407393451646976
552785367972450304
544350567183556608
499691814358888448
536777819204775936
536845700835733504
552814767417876480
544328673097039873
536833763326820352
499406854615597056
580328783619579904
524941720249978880
552830864187727876
581325025569030145
553591518619893760
499457882144796672
553567076728963073
524957517294886912
524970142719963136
553478142791548928
544388259359387648
552829580579323904
500283877567770624
580320329203093504
552850603714826241
499605248747786240
580326045238333441
576755174531862529
552839190921351168
525035832336736257
552808620187217920
529756814175633411
544511434840113152
535721996391178242
524940940721418240
553113509152952321
525025114111635456
499362480179912705
544390550497947649
524986820850106370
524955317201666048
576388172109750273
499698825020592129
498487611963744256
500364250461003777
580330740086243328
544416436374892544
544373945206460416
544494273924562944
500312670260957185
500270284117925888
524927356830760961
553582801833185280
553591315515310081
544282227035869184
544352649978843136
529733645435949056
499681614549377024
553218001181605889
498510381774819330
553551282967830528
544300945820352512
580347364562587649
552829622128500736
553234578086055937
580336326634962944
544409517224898560
500231484725161984
500285282650832896
581317224096387072
498532911143206913
552791115599192064
552806309540528128
544511560249790464
524978855531253760
500395231305826306
552823301899575296
553535221828964352
544366894107480064
529739968470867968
553185062829948928
553109369886633984
544350712365207552
553162459885096962
499478537468792832
524933600433938432
544300088747884544
544308749725626368
499412661176926209
553574501964079104
536848662135980032
500280304146612224
500277940253634561
553586978017775616
544395712130449408
544279103864860674
552851189675470849
499620682502635520
524926768054956032
553541601482784768
524961908903149568
553173654121742336
544402785966772224
525009541671702528
524981223291383809
544313043463987201
499702088512049152
576481588004933632
535440024930902017
524956518404198400
552792193992519680
553145690424344576
498489451954573312
524977651476623360
553230661012975618
498276304635322368
536844180887449600
499700083265269763
553537939041701888
552836516775354368
553197197618339841
553536603998945280
580334678340558849
524969679790817280
580333759125458944
500275854434639872
544512064694546432
580336849534648320
552817918220984320
544415156659175424
529684962778570753
553176753297162240
498250100079341568
500318980007948288
524948264886759424
544500883963518976
498356729634390016
524979756371288064
544301925735202816
544397240601563137
553099479381848064
544453564718804992
544348632980676608
553587511839444994
524967620588896256
525069912679923712
581047170637381632
544319395619958784
529722264615673856
553589469849583616
576394839220178946
552792271243210754
529765936199647233
524923293711998976
500239577387659265
552805175874686977
553100279089205249
500378874656854016
552818799095730176
524964929083023360
553543467427577858
576494415851626496
524952005157347328
552830151650967552
544284526684286976
552821862850637825
576321916593659904
544519577733173248
544511783940403201
499611719090450432
576357849204412416
524954623145431041
544517991086710784
524938433262006272
580365989780520960
552813160110252032
544345939054710785
553141732452626432
553017543330648064
525015836226895875
553517053110657024
500175929902395392
544391790615605249
498452658605535232
553167429665587200
580325090367315968
544365130138808321
525048557569454080
580364889736232960
576330947588558849
553533859032477696
552824163841638400
580333915275165696
553126517027262465
544520615441756162
525041601890881536
552806610490646528
576655512462344192
552836844560609281
500359897557790720
553540719714271233
544458458527834112
580320563891019776
544366934154678272
524941318389501953
499504676250066945
544360342995099648
553169114102247424
498235547685756928
529654835537518592
500370960093302784
544367253857525761
544410806167678976
544508666724876288
553581227165642752
553122276913471488
544514988078280704
544294692456628224
499441454498852864
525018799347875841
552814216550563840
552841287670308865
553579914717577216
544389770009276416
576815329172590592
553576849943826432
580331347752914944
544487672145018880
553566644006817792
552823829333291010
580337440738713600
553561170637238272
544278985249550337
529645026452979712
544514645571420160
580320964875014145
544308531684335617
500274697485824000
499674159916789760
576231309254721536
580339510883561472
553112060788473856
553226143307161600
498602787614511104
553551286793416704
524974975623892992
553590529548886016
553588993993232384
580322927679279105
536333336353193985
499524024012386304
529732310099578880
544287252306997249
544384680376532992
529671638539698178
524942058042449920
552812475134275584
536826824219959296
544320939245043712
544515097625108480
553139825008599041
553546679161745408
544387390752567297
498463591767756800
553550301886955520
553472557978902529
544414634308939776
580330161725255681
499368533378498560
553215658784456705
580365368805486592
553573166116012032
552838074636718080
576815428066009089
553479280014151681
544504954334224384
499357289363431425
498616975850225664
525012738280792065
552846565950627840
553534707108155392
580326073776357376
544408991649251329
500308705083400193
500316380063748096
552790838015979520
544448991518130176
524936793633083394
498313143530303488
553162401940770816
524928960615186432
524983325275197440
552846874432909312
544510453201006592
529683211774083073
544268900351766528
499445575956578304
499699779426066432
498489114384420865
552837035732381696
500277311652913152
524942802908876801
500279519455219712
524952322703900672
544333764814323713
553143987377561600
552804198161854464
524974885362479104
500280809652514816
525000220371734528
577277669588537344
577303343728627712
544377870554898432
529664974978023425
553105460887572480
553587708367765504
524981513637888000
580330078682353665
500359075045990401
536848241556721665
529691396098510848
525044004287971329
553135991083769856
524949243883425793
553573066455134208
529657418985525248
576656873681731584
529775890767437825
500331134040162304
524975142641086465
576238005951811584
529679889923076096
544513339544838147
544447768354639872
553160898399834112
524953530193301505
552807071054184448
524958741259886592
553462249562832897
544517721757847552
499446112147628032
552805799106732032
498586725502173184
500286984162525184
580353697865187328
500422971320963072
524934673760530432
544515446100090881
553142344166301696
525018288330272768
580326744357515264
499706059691663360
553144964168036352
553590459688570880
521346721226711040
500160181184249856
553592108699758592
552839028350136320
544457324211879937
552791831390732289
544335202923737089
500408607561629698
524926184069808129
552830850279424001
553152215050125313
576350258021675009
544312065637097472
580346824269103105
553236009081921536
552846337746952194
552790371848040449
500291056445845504
553157352091025408
529752475541442560
525019265888702464
552831705351225344
580333763512705025
552804810463117312
553555948883959809
576423157587906560
525037540508594176
552802714816905216
544500527720325120
553569379674521600
580329455173967872
529654845838741504
500386978467414016
544279945128591360
576347888168644609
553581897792913408
500303238810574849
576736349153288192
525018717038854144
498283586425200640
500073277273165824
553503995872808961
553189840913989633
553591679341842432
580359057825009664
544388329094270976
553555207410700289
553174338380517376
544353303468199936
581254429996920832
500272399867068416
581064157870555136
580337826279124992
500396366829735936
544380899639689216
544411585070911488
552791065645027328
576348679231033344
553227288859664384
544463201875025921
544518128798294016
544388658334146561
544520344976232449
524982907052765184
500072334578159616
552790074166108160
552980261512949760
544515850963648512
544377046030635008
536504937401049089
553159439457341442
580364973664309248
544520273718812672
552844100224172034
552807013764575232
499696550541795328
552838341843226624
498256407980826625
553198344034865152
499701408904798208
524979925343014912
544291853227786240
500335927248429056
553125364520992768
499412821671968769
580328132932022272
500359312447787009
552850514132873217
544377463581581314
552846353416867841
553578029751226369
499424290748780546
544316576645017600
500308708988301312
529671440829005825
498283233982025728
544499931101548544
553195827397926912
544301900682629121
581386094337474560
524937204552843268
553463773844238337
552783745565347840
553483707122995201
544490782183657474
553209912550240256
553145137086607360
552846938677059586
553486796534054912
544482745637158912
525003253185277952
544271284796784640
500293392060780546
553530513580118016
552805169206157312
544384255825289216
544482664515121153
536323971239903234
580331255570530304
525049639016615937
552838171323817984
580331561398108160
553127508150071297
529818929607475201
552978972963643392
580355581254471680
552833483325059072
552814494381256704
524955620538343426
553115341338198016
524922729485848576
500296090671796224
500255282757632000
544389493273276416
525023912221212672
524934648473079808
500289154581008384
553590273952215040
498497371899449344
500249081286250496
580328535790907392
580358227713458176
499383196451368960
553137068688543744
524977321430630400
544331918506872832
500368579875704832
544376469279875072
524964564018790400
552793679082311680
499410965075886080
544513407400304640
576833011955679232
498272080564334592
553131791553667072
544306402731507712
553576010898497536
499648712596271107
580336127699087360
524949526487265280
524948520605069312
553113944219320320
524931019745812480
544520795511611392
500405384503238656
544465890218369024
499665704300191745
552804668951511041
544305999994421249
552837561119686656
499408845127819265
580347360959717376
499584511710351361
524991844292521984
544453251068743681
544351967829839873
553146117685522433
544326741674967042
524962142563610625
529692457337118721
581287723841032192
524956168754843648
553477554041257985
553190729447919616
544459886365376515
500422447623966721
500405877460193280
553148900811759617
553493510306152448
553500932521336832
552800070199148544
544319832486064128
499700906384842752
498401948585181184
580335510280892416
498486850521423872
552993818816299008
544386515171020801
553588106587545600
552821030117711872
553124783043649537
500307273659318272
581248346309922816
544474138287812608
544341194822520832
553114307383541761
544301025079730176
552816010752167936
499706705354448897
544296007589433344
525052526593601537
544349042952916993
524932574909857792
529730550169624579
553508098825261056
552829011983089664
499387993879511041
576890261382520832
544452969702236161
553227906449960961
576494602070441984
552823691500072960
552808282398924800
524997030536830976
576767713328144384
524926445496197120
544272134764122112
544483404528775168
524987107081977856
529669581506236416
576863192854462464
529723023591743488
544350087020019712
581314363644121088
500278485001457664
553520399300833280
544494787168972800
500404509592387585
525006847095615489
500293511632388097
576326555246415872
498584409055174656
580337831253581824
552826060455550976
529714629745082369
499691638424608768
544487291465392128
553136990787342336
580346992074842112
499689438092726273
524935791794221057
580336341080260608
524979070288019456
544474960602083328
552826724774592512
553496489641902080
499685593857531906
536831866721280000
553174639158231041
553578191391301633
544300256981430272
552787914271510529
544393723099238400
524949443607412737
581249720376553472
553118198741356544
544287499397242880
544374313848430592
524969137660231680
500406581855801345
524925730053181440
524965597793107968
544443266926931968
524981427260366848
525035552643751936
499529014797557760
544343299138392065
552835109372825601
544310166242734080
576867083331497984
580324338865430528
553569060882235392
499584606878715905
544314234541469696
552848013778251777
498603999252467713
553477352542707712
553206989925658624
580322005280493568
525036214286815232
553168646051475456
552982124274647042
521358118597689344
544293716140126208
529679359301648384
524937594090844160
544271743331078144
524965165759221760
552821659103940608
525051210349289472
544508900595499009
500359117132017665
552801667855695873
536846436537999360
552985297307598848
500278944881725440
529649368656134144
553161458931236864
552985611070881792
553151749008424960
552842755454799872
576509083152457728
499410901033054208
553211397782654976
524932935137628160
580327197921120256
544492454016475137
580332312354693120
500355828227252225
525038096086499328
524943812339437569
580886010575257601
544511151900753921
553185404657352704
552828573896413185
552826581916594178
581473088249958400
524950264303075328
553218279557582849
524979184297590784
529691342168141824
536825651463217152
500272350906957824
544508995361202176
498308585227431936
552847035108323329
544509086998749186
553558611306090496
552795953301045248
544346361101963265
529664525768077314
525032872647065600
544378515378814977
529669184670941184
552801880812691456
544486187478433793
524954630279925760
544364000897945600
524925987239120897
499446567229603841
552783238415265792
553585840270876672
524944788525973505
498292200955195392
553192641328734208
536425735771414528
544277516773380097
544276998017646593
524967711492014080
553591084409184256
544329251487756288
553556728651210753
553569512269021184
552802011733716992
529738730748534786
581450117972144128
524961513006964736
552818988468944897
544478708741201920
544506678922977280
544511130249744384
553536887349325825
552791414388424704
529723023184498688
553553244845522945
580319856496644096
524923610851729408
500398901028196354
525050193360613376
553128245420257280
544293021995393024
552815274848964608
552797058990870528
552827966950866945
544378468931076097
525036457732231169
544325896661114881
529720273285566464
576338406088687616
553177465883873280
524959630158725120
529660746645647360
544331094523662337
499404849835175938
536835870293512192
553109813807575040
529723684454666240
544338622078410752
544273885437652992
553103772852191233
499411738467794945
544517500118249472
577269846259433472
544343367279456256
499693808515182592
552803757864787968
552811128326475776
580885455257882624
544295667112230912
553115176057065473
499584618165567488
524965786059026432
524984505376182272
499658267493019651
544337383215226880
500358655834062848
544352188210745344
544467822168920064
544376732649013248
553551934251343872
498486539585069056
552819824007872512
544300361360498688
553590522800275456
552811772038881280
576820722426839040
524934827909210112
500278858156085248
524958250706681856
544409432600223744
580335420703170561
553573633395015680
524988783213547520
544515538383564801
544340091615715329
580329560350183424
500320616428601344
553560429910568960
499345023721537536
553591653647138816
499465611647275008
498248415223246848
529698410879025153
499427833102745600
524949021744713728
544495240640757760
544291829290508289
544508543152304128
500285919539511296
552787599031828480
525049481679892481
552982263907241984
552797729504886784
553544419602104320
499359735947087872
552835854750605313
499655603405725696
544513517706305536
524956372199555072
500293872162205697
553517080637489154
498600617645199361
552813494345940992
525029016001318913
525026031833718785
553541197491634176
581063377226637312
553533193899368448
500377145349521411
499696733979688961
552810804186460161
553235271169638400
544280707800264704
552822696200142850
552850379453366272
576225987119198208
529745609969131522
544360928603799552
553543395017510912
499698311306043392
553534838880608256
553161360503500801
544283387087691776
544305463048015872
580330441854435328
581290271997968384
553194417239363584
553133048611753984
544316684736028673
536805993334571008
544373593841623040
536810390739755009
576806702454075392
499689349420568577
552801979861598208
524966328734863360
525068915068923904
524998460848611328
552843236797349889
524938107142283264
552984502063337472
525027116287811584
576885758537109505
499703794805276672
552790742700417024
553177822312013825
553115396006764544
499691224169590784
576504635738951680
524975552638504960
500297358908071936
553544694765215745
524990519777443840
524938137320312832
553215523602046976
553546967281061888
524944544681705472
544305673287524353
525042177643016192
499411596255719424
524937675115999232
524946179390701568
499408988422037505
553475430897156096
553467311261503488
499431474731683841
553589860880375808
524955304199352320
529742801274429440
544518590104621058
544437156505067520
553502311872733184
552848726197559296
580337178506584064
524931913426157568
524952154482946048
500240534481666049
552798200990806016
544520379176599552
552816590463315968
576811711652450304
576573355404431360
544515215576948736
544375969687953410
553117500410716160
524981890567385088
580327924978569216
552786116404072448
544312732443348995
544280399044960256
553127546129117184
544427133398175744
553572111441465344
580371847335821312
525006356731166720
553570681619640320
544464695646617600
529761572881985536
499699052389208065
500287595403022336
529722288971984897
580350426278719488
544399562866053120
544511300630753280
498294764718915586
580327336505176064
499688832300630016
544517264725516288
553578243173781505
525062013551001600
529743499588276226
552845868932800512
544301296099270656
553192373728342016
553578566563426305
544436172999495680
553470977972375553
553215634864345088
498487999848800256
552825783337897984
552823427862908928
552817675408523264
580372127125131264
553585447235223552
553566279953842176
552986374765563904
553216874130206721
576321776424189954
544273459199893505
580371776619839488
544306732475105283
580363156721131521
498480344992350209
524929497205055488
525013278343581696
524947416869388288
524977669902172160
524967572689522688
521375609206083584
576508971923693568
544325779199258626
553528740618436610
553544039241224194
552832784046108672
498341675476217856
500266977814790144
524965723672961024
499536812109742080
544291965513134080
552819350504493057
499456140044824576
544301235596054528
499665889198088192
524958128392376320
499453410744483842
544435176479027200
553560219981459457
500277563072475136
576775762461745152
500343812863311872
576819219876225024
524942470472548352
498316475317239809
499471162058231808
525023025792835585
553145034720030720
536836468816498688
544355197435142145
524948703850029056
552830521340723200
553129478008758272
544286688436969472
544401468875616257
552810249263259649
500366417674268673
552788720236376064
524987184836005889
544510450101415936
544379787246981122
553587278564823041
552814410763603968
525010084003213312
525040408653754368
524999079127162880
552822783311630336
499364002318020608
544363471660277760
544313008642461697
525029433632366592
525071638464049152
552845028130037760
524985325190656000
553158826435018752
553588889084891136
544317165965303808
552848961372176384
544400801083686912
553108170726719488
553125384246804480
580350166005248000
553187282295877632
553103334626701312
553226624976420864
524981463033581568
553479222434729984
553591475830009857
544484918567239681
552815540721291265
576394422813769728
525070811439579138
524983828000276480
552834182905221121
580326398620934144
552831506041683970
544514249356484608
500072455931588611
553549686129561600
544363391641341952
544353257175654400
544514570367168512
499705545583263744
544414686935285760
544394005182963712
552815091331366912
576379928914046976
580359405620858880
552803431702749184
576552070456741888
529647261689864192
529670566031421440
580366761398239232
499613731312005121
544376300417585152
529830319982407680
553137476135432194
524934090542182400
498507730395484160
544519480018489344
524971492820647936
524960221694005248
576548875072335872
552835221859483649
498279420885360641
552984474729062401
525001895631654912
576769677592039424
524944571256434688
498535462349582337
535926525422358528
544429350376861696
553590463354380288
529646030472904704
544492465185898496
553107688591089664
529773194027073537
544442676410867712
553146494271094784
553588913747808256
544329204314406912
529771847186124800
525060022569422849
544395106426425345
499507509171060736
544437375003131904
544287165912735744
580321203757387776
553204017552457728
524940659778920448
499426471300329472
552817490263572480
544419008615702528
553540617540624385
500360308289187840
580351390570135552
535919972439322624
552812811651272705
524935085863481344
552834461478715392
500321184269881345
553555600911925249
552836167029514240
500277481119956992
500288581081260032
544518647881170945
544495066258362368
580346835295997952
581183387848859648
580339662096605184
544384349395628033
553556844665659392
553144712920834048
544298376851111936
544318036715782144
544505447911149569
529735706386898944
521595221155774464
552829734502297600
544308490840195072
553586305272389632
544351356824604673
552821437678223361
553218281705066496
524973444946202624
525039002307424256
524984773211860994
524939347699585025
580337320508919808
499635247311781889
544344684685189120
525007810871164929
524954262657581057
581286157151039488
498253652755111937
552826580741795840
576483978363973632
544301786849640448
524945095322513408
580364934011334656
499604750888083456
500290456845299714
552811254667288576
552829082388660224
544476492281827328
580352273001410560
552814076167213056
525028734991343617
552816561514635264
553130148107943937
544314301067304960
544490976253726720
553196930768330753
524951456362012672
553583035820802048
553587672137334785
529446466541326336
552840067199533057
553209983845023745
544310222547087361
544351969658564608
552834842837409793
544508035113439232
544392801836728321
544351133120987136
552851546384646145
577294068851421184
500381163866062848
524947424482435073
553558824720666628
544379738240720896
536836675226177538
544341255174356992
544516739178827776
544442206832963584
524948264148160513
500235112785924096
576531907606892544
525026715123601408
553531413459660800
529773317889064960
552790824971677696
576815154735775744
580368137796743168
544384662765068288
580369978546917376
553209341520535552
529722357267857408
553589051044151296
552850725467082752
544296671950020609
524974456851410944
553571432475951105
500322285916401664
544518036255150080
498265555833720832
553156988356820992
544492919567417344
576171827086520320
500287491182579712
524955083297931264
552982813671043072
544384394337611776
553100996855885824
524930400272265216
553214783647145984
553215313807163392
580320645906632704
553531695480463360
500419556629041152
498268463639851008
525025695425380352
500361668132892673
524936456742379520
524995620088864768
553144384737525762
552829971631472640
552813590919778304
500302115458523136
553167814941761538
552830599002857472
499693751720501248
580350698774241280
500325111497777152
524967727266398209
552822887988883457
529679172650942465
535449972913614848
524953767402553345
552837907174948864
524945676443340800
552980714610634753
498320854707896321
552807210041212928
524982531075371008
553509146730176513
544357935439417345
544519486498676736
500281037486698498
552979279039197186
552834559297867778
524980483479076864
553516197283893248
544296465619619840
544283714751328256
552814280471367680
544495975083941889
553511279235964928
524955386697515008
524939327399559170
552810625873633280
552839972911611904
499674991294951424
499494187969298432
500239327004471296
500290867681587200
499430225043009537
524937635698327553
499705269434085376
525037656820826112
553124985900785666
544305859904286720
552841562963464195
544272561266503681
529700827557285889
522286703848218624
544458427263512576
500277477986828288
553489907524829184
500309745350508545
529654186791944192
576341809812623360
544333020023754752
536826754770685952
499407248427188224
580370249712697344
498515980205948928
553501773517033472
553543369604210689
544294794139533313
529670383629520896
524944978288852992
544496648445890561
525007169956347904
544392353717317632
500360244187635712
544514207933542401
580324697415360512
499411840733282304
500391462073532416
580331981130498048
580355192908095488
544307028815253504
525033697045925888
544443259804598272
529776116773298176
553529196216344576
553569333150896129
553139203320860672
524967631171117056
553208946350362625
499368931367608320
580327611760545792
553191800408911872
525022821534429185
553160909208559616
500408829696544768
499703651079045121
576842803013091329
500360018928353280
499667482354143232
500363740311982081
498254929942028288
524947971679744000
552843349246619648
544294618758520832
499438977774931968
529657139959451648
529724755906400256
544391085150457856
552796091255894016
544501464849059840
552833795142209536
552833432540430337
525026219100995584
544367462012432384
498302874531553280
552789583260577792
576480269835845632
535241189234982912
553496697918468096
524952407625957376
500362377062547457
580329937573302272
500385585807499266
544508313220567041
524933399828369409
553591093498224640
524922499466022913
580331843616133120
536825222608203776
581293685041557504
552832169496694786
524950321064607744
552821570423771136
524960580944560128
552787321561812992
553575232867672064
524949136173694976
552821573946982401
524998110268096513
552813988644659200
576319105965359105
500256984768475136
524995166953033729
552824456557887488
498314939359301632
553535971959275520
544291619084959744
580336394184323072
544427216516698113
544383383095508992
581301262269829120
544487579048222721
553541834975498240
552842837516386304
499383640267423744
580347961256837120
552802606696136705
553127274829328385
553529789794250753
553201523577331712
580359480782786560
552810448324943872
544309943533600769
552845671477153793
544453205682556928
552831842232324097
525033443076628480
553227389061582848
552978642968780800
552822604206460928
524991470416461824
525049831312875521
524968293577158656
581258923065389056
498272309535191041
552822330141851649
544351015936331777
529658492391813120
544499780479893504
553223681409703937
500278365031370752
552828280806850561
576847722055131136
553466755411369985
580335398683058176
529648202379964416
576749539375235072
544464812621578243
553559095798931456
499403422278619136
544361776020586496
553591548613386241
553161476928978944
553480702067736578
524973223356940288
553164985460068352
552846463467024384
544480083982168064
580882121222434816
498290802255466498
552812682626465792
553100922268942336
552833658017824768
553551225560764416
552817345887207425
553518472798683136
576565012086579200
499602370917978112
524926235030589440
553587735613952001
500360632093646848
553589880245481472
580883793709547521
552804962158514176
544450580367024128
552808904137408512
580337873691533313
552828504060874752
529696730607271936
552833941930274816
580338546856235009
499596695705894912
553487544508493825
552981531023921153
544419162001383424
529734113608359936
544373504419069952
498530946338258944
499366930457710592
576860610400501760
500316005089181697
524940030109036544
544383649131806722
552845393541988352
500360978387976192
524949306101743616
544420375224791040
552804784819154944
544269221564137472
525021132022628353
580351149619953664
553174247506706432
499705041238765568
552985389523148802
544318880001560576
544446973667860480
498499795192143872
529688713253494785
580337583508570112
499590048313262080
544401573968097280
524974318087061504
576185920094908416
524934941914968064
525024181218725888
576794158108581888
576832918343032832
544321934410788865
552824769754976257
529728291545284608
498504707393220608
544317609718865920
544305672372772865
552834732325879809
552818821460148226
553200115079712768
553135802495270913
544446282559799296
498269365175721984
544475892685099008
544387669766451200
553535441828605953
525025329916948481
524935943925796866
544435685864660992
544495167836016640
553488850363101184
536831367959420929
544500288183607296
552982828963856384
552840155728736256
544426670095368192
525065430713790465
499662393627410432
581256046448111616
499478126570004480
553117623568068608
544304298243653632
581266400192307200
553589720480235522
553555848794877952
524961055211286528
500421926079066112
553178341596233728
552849662991151104
544332519861022720
580335578069209091
553485452943302656
536782128109740032
553488824656203776
553151328009351169
544301449845305344
524950679274942464
544380980677857280
552827133500719104
553586246883475456
552790875492073472
529725862246375424
581359544682614784
580331677899202560
544356579098001408
553546292748898304
544301012492632064
499637476315910146
524964278030172160
498321666267561985
500282606316158976
552827008800280576
525030117014507523
552849116280393728
525055052801515521
524976963862429697
524986649315667968
500312651797233665
552806056154644480
580321169271877632
521369179392581632
552792544132997121
553486439129038848
524966770428243968
529724985775235072
553537537126694912
544367862211952641
500417151346696192
500354471525109760
524983581983375360
553145830761594880
544348695076954114
552806932176977920
544285245600989184
552838551071911936
580319184652890113
553171741804359680
544317139323473920
552846893588709376
525034332474601472
553181899662049281
524929106987991040
553588178687655936
499690032601772032
553181902543126529
499355083734519808
544467710923395073
552806077755326464
498272364560257025
544457877688430593
544279603259248640
552806937470201856
553580499395174400
553586275438301184
552790565642067968
524950887119482882
553588080964558849
553227441712668672
544296158206894081
499649872534831104
525011494896148480
552807054268956673
524923148576518144
498255721260400640
499693411503726592
544424408027115520
498473263862149120
524970851675176960
524953077456318464
500339589601431552
544435023282470912
544484477930467328
581299253743501312
499377470697926656
544417680284192768
553170984824733698
544316814856306688
500430673099104256
500427783848615936
521381662551474176
544283772569788416
500409399865651201
500251535943942145
500397058541379584
544401577113845760
552815443959091200
529653029747064832
525007337724325889
524993166651318273
544315864397258752
544435030127161344
552831515940634624
524964948683005952
553587352086384640
525021103559696384
524937574281121793
544363222296297473
529734612998955008
524945879455653889
498304114955419648
499696137708658688
553592023392202752
553567716414484481
544302448522035202
524973920722878464
553221600955621376
552836586191474689
553204399439642624
524996756220956672
552847218403581953
499682060793937921
544287922166726657
553168698677030913
553473550523580416
552982816045408256
544380742076088320
499703369108553730
553102828743716864
553229808260632578
552981296839131136
525057606151602176
544446269968908289
580351604831846400
536824581341073408
544503425082613761
529642612618035202
553106334607228928
552829096816693248
499385227362328576
553567732126736385
524944981753356288
552836095332081664
524964279456653312
524956007324082177
544467299218886656
500300813835988992
552814566594576386
499361017038905344
552836975741632514
553491604917334016
553470733180223489
553145736045801472
552839416620658688
552827825603219456
552809418417790976
553103134210666497
553473416905629696
553193210269298688
553466230989144064
524985092343889920
580320995266936832
544411097797644288
524943132409212928
544332613532811264
552836968410021888
525047349757100034
552787878351474688
581550667753504768
553132534771744768
544338676835041280
580325714567806976
552831197420994560
553123078541434880
581437061363675136
499400566397607936
500287538578587648
544416937178976256
552801115516186625
544511199702822913
553542442373619712
544486142763347969
500364003734867970
544511558173601792
525033278555033601
553535862911541248
553106200242700289
576406521833086976
552849865680494595
553512076304728064
524949837729787905
553147341470203906
498254340310966273
544277336422486016
552810884029222912
500334308867858432
499574200596983808
544419497667751937
544467005655748608
581291208506376192
553186457121472512
553582301003931648
524950899899113473
525041091507388416
553136565296582657
524948268355051520
553210080829906945
553130475032563712
553537235463979008
580351758213447680
544472800379940864
544458558432350208
552829306439598080
552830674357334016
524969483317026816
544279950929321984
500402908740210688
524982066564567040
544407300329709568
529726825938030592
529731332717678593
498303288295817217
499692915954704384
524939821815721984
576789978795155457
544443739800731648
544480936960606210
499362994862960640
544403526773125120
544373694068686848
553560480586166272
500351760402493440
576860819322880000
544514782456729600
552819569103220736
552807832257835008
544362543997665280
552847251207241728
525029954908860417
536835870897479680
529638427462217728
553470492565602305
553546878902861825
580347290633838592
499696525808001024
500286170035523585
525031558949134336
552837027616804864
500271532279877632
577261281125642241
553536532960010240
499702153909256193
553540381187780609
524946808271671297
553543032642220033
525007664544493569
552829176018112513
553182566564757504
544520586576547840
498285529704976385
553190393370923008
529762820108607489
553550030553243650
553144448452792321
580320890086383616
544390130682068993
576840804834144258
524949435886096385
580328297462140928
535952893589725184
498294367405477888
552815293349650433
524945101542678529
553124563266306048
544425928290750464
544279262547935232
529621484130828290
544355845489065984
553102562665050112
524995771587108864
544293770926120960
553484760233017344
553559880599359488
553151700950065152
544439521236893696
552834033600966657
524963322525798400
500322486362202112
500288349924782080
552800222553079809
500367591773179904
535656301833895937
552792913910833152
524941119403335681
544488899100147713
498263598062661633
544503217107648513
499699107615997952
553116915325870083
500413818368184321
498293668655423488
552982669840355329
499649813332639744
552812416485294080
525072912957452289
552817367995002880
553550888770740224
544290752533393408
576510163596795906
544505129810944001
500285962342367232
524984209505812480
499649754822103040
500300944891199488
552841477819473920
552842042242789377
498271954185379840
544280391226761218
544280739290677249
552789550238801920
524950428598153216
552846811359350788
524927789892653056
524928878075457536
544309275141885952
544516079129993216
552838105422913538
500277421506306048
544434964985421824
544274879055675392
553542093683974144
552845654637436928
500317687239966722
499586890837016579
524952094986350592
525031823504850944
544428943080951808
500280176924557314
500327581514993665
553555979238129664
553591303582523392
499642374428307457
552786099899494400
544515999161393152
576507292415320064
500162426998755330
580347051927597056
525039686931075072
544372257674788864
552851629624803328
499698366402789376
544339368823894019
544313132865159169
544491160803106816
544282714237448192
544508411178536960
524961362448240642
544435708299972608
524946461621235712
500270055540916224
552830459273809920
553118384540643328
499514668814467072
544402515085623296
580332684905431040
553586897168392192
500277472068263937
525046462460477440
499386181310619649
580332990867349504
544333302178799617
544287815790755840
499635302764662784
552979420227842048
544399649025433601
580340423044018176
553225402282692608
524943658748219392
576671947091779584
576889864907427840
500350460122136576
524939142485262337
580331192316198912
499702384424022016
529727006427340801
544328324601114625
499602989133594624
580317556516483072
552814213081866240
553582057537146880
576597020065996800
544290611856408576
553184643055644674
576812998418939904
535942066694803456
524994809912504321
580331121180844032
553227258782306304
544443027570556928
500164348963459072
499360134779637761
525005886272843776
552846698524184576
499695460358311936
553151804046082048
524924987774631936
552804769241526272
500236774103605248
552794995942772736
544499381731622912
499358869492367360
544511391349354496
500249630664560640
500315609171636225
524970731202166784
544493466836017154
552819208212717568
553509591888441344
552810032765497345
553121581187485696
544383022876065792
544289311504355328
580328029852856320
529701740925698048
524987263835721728
524952883343925249
524977830124617728
553562832001048576
580364656608428032
577258317942149120
499579905508917248
552806117328568321
581387966125248512
544319905076903936
500250935885852673
553218599390040065
580368417556992000
500375737439096833
552847905498103808
580331453889708032
544388013141143552
500344846612447233
499697648866045953
544342743003045888
525051365195014144
553537648938086403
553480257747963905
536822580720984064
500350777844457473
544391412075069440
552818868604129280
553553966970044416
553515399438811136
500297243371798528
553133704881917952
553224402012078081
552825753264717824
553505858811080704
544512910538838016
524930575472136192
500310127896199168
499705963126202368
552834808121163776
553149253363576832
500288284195426305
552822043490938881
553131557892804609
500363141034020865
576515871876767744
544516514519343104
544369653015801856
499608179362521088
552828872379875328
580331308146118656
553118212813246464
544282250503012352
552811735183552512
577273752796282881
525040492388823041
552784600502915072
581386155083620352
525069509342683137
553555705945288704
553525347266740226
524967298604359684
576412997662433280
524985046198157313
544430771688439808
553542337553764352
553496228055777280
553171056589279233
524941272549969920
524933534692442112
553119235904643072
580325043705667586
524978196589334529
552826524467216385
536489596423774208
544268637134393344
544456216907636736
498301635756838912
552978476605923328
553590653784195072
500378223977721856
544475905926524928
552791578893619200
499527157023277056
552851710880653312
553487625815064576
499667557247614977
576829262927413248
524926279309860864
581259253429702656
580359809041604608
552795778922864640
553582812964876288
500375839498723328
529726966178787328
524938282732642305
580336661206331392
580334563932549120
525023610243928064
529731453865955328
529725532569886720
544469609433563136
499366666300846081
524940803601227777
544413195884974080
580346142183002113
524993523746373633
524993009440403456
500290977798836225
553539252374757376
552784882687299584
553588340432572416
553581612588605440
500234390723915776
524941727753568257
500362083221786625
544353502689251329
580398796124876800
500393439482368000
553551598954491904
500315984910372864
544483951524737024
553531781690163201
500364290545958912
553535642848989184
553474012446478336
536825222050365440
544496262629036032
524960247518330881
544441034948636672
580882341880446977
500308900957405185
524979946218061824
553151201253294080
552837132491186179
544521166543548416
500347948635791360
553210869010935808
544284823041212416
525061246702587904
524959390332239872
524933764330586112
524991119164473344
544277650714677249
525050632211021825
535951209316642816
524959836778536961
500321506371850240
553200726403710976
544457904422531072
553589914684895232
544461231549992962
576795865433706496
535517405921804288
524929559909916672
500294803402137600
524942149973188608
552836775191019520
553136237083889664
499553298668859392
552791196247269378
552806757672964097
553214612569456640
524924346411020288
544281014768795649
524958227768020992
581153923987206146
553573365798416385
544308188909027328
499703127193305088
552807658869493760
580884417343815680
524960277348233216
544436330856329216
524944881941495809
499691556652449792
524994218964815873
500363023958409216
553206304396038145
552808242276229120
499698828845780993
552825211654246401
524935586025861121
500408184562257920
525021697003782145
552851305023414272
553540131756732416
552848704819183616
552805638024077312
524930538009006081
524936881348558849
553519375521951744
524976929703997441
524979133366165504
580882674413375488
553219047048105985
499435341259223040
553502446769942528
544372177965834240
553572914923323392
552793552376569857
576248645365846016
553166766977740801
553552293371871233
553214597055135744
544494652418949120
524965406377664512
544511811404705792
553498106588049408
544290258951892992
552793551231541249
553151506556653568
525068253341970432
544284957766463488
553214700155330560
499541439962185729
500277854341697536
544448652886818816
544520195659014145
524983146266505216
544299916252573698
553589345186111488
544429514525507585
553143415899451393
500377906305327104
544428261602623488
544465862942797825
500371149713178625
499698964925796352
581248880098086912
529627432996044801
499699366660423680
499361252691681281
500379055594946561
544293261506928640
544514538797035520
552807191775043585
500295333486657536
499699989237747712
544506443626741762
544510345289924608
553135255583219712
544372701285351424
524936075870228480
535450182142672897
544512664769396736
553490358748061696
580337446170320896
552817769604198400
498345343629541376
544411313779126272
544271815007145984
500303864495882240
552851433247477760
525046432085327872
500278169828470784
524947071770435585
544307040932601857
544419029905985536
553470382129565696
544362279006113792
553187649943384064
576850639600357376
552982443511144448
553570659805454336
499693137670205440
553165538499641344
544324444773433348
552848478196736000
553591526937600001
498296205777326080
552844104418091008
553201539737976833
525069189447704576
553152675014246400
544277526248304640
553587542067773440
525060425184858112
500163615555878912
553133340795363328
500366333461422080
544389506569220096
525044725926330368
498487087105314816
544516142983684097
553193866057506817
529702439164067840
544515072203444224
524979279701241856
544358564484378624
529739770524860418
552850079074099201
553226479904231424
544515489016594432
524993172271665153
553563356339384322
500277301607542785
580326807704088576
553158824979619840
525058578365698048
576530268351246337
576471501081292800
576833878981136384
576825885774467072
576855835445428225
580349159569539072
576409244968361985
529652940869738496
553570916907511809
524971258996588544
580319116302647297
544334431830286336
535708968837206016
580336204186521600
580355037504909312
529727794826457089
544436750097973250
552833527444566016
525023858831523841
552837775498964992
524946921547628545
535463053190778880
544300178443100160
525000349648949250
553174353735872512
500382437655207936
525020326816927744
498300256678076417
552822944603582464
552849968546213888
500315907567001600
499649230181388289
500286805720449025
524962450786226176
524976835881205760
544281589749137408
553177082566836225
553585530504749057
544287991959539713
544477019472289792
500359356589019136
544411992279093248
552806890498191361
544370712639590400
500236187395571713
536829324092268544
499703156889362432
524957752138149888
544280397472088064
524974135030874114
524966904885428226
552824705703763969
552799062421164032
552820736490889216
552813461953323008
524961589406216192
553571541578174465
544334477011349505
499362269269336064
499619724222038016
498602798687469568
500301494340419585
524928195011698688
499650234914713600
499553593041903616
500391222075076610
553110609513177088
553545906155712512
552815993165467649
576249853979807745
524987990524047361
500319801344929795
499345384024842240
552980632432050177
580322102307373056
500339209715335169
552820533507944448
525027873867198465
525025552634494976
524952808110694400
499668221767999488
524991067675189250
576378113711558656
552843136238899200
553098571323437056
552816689386373121
535711053686898689
544330174351679489
552816233796894720
544283374911627264
552831978522021890
535434467696189440
500407038800056321
552802098602319873
524993612279336960
553544566042009600
544510784366080000
529733937170771969
499511714438971392
544472595140063232
580318210609696769
581335535832039424
580319005703069696
552982635178635265
500308546815131648
577301342617673729
544463778780557312
544286172109758464
525057025785356288
499669445548449793
544443154964152320
544297827258888192
500247666924986369
525055967076290560
524950339074523137
544300674448887809
544284078330376192
552850022271033344
500364921607974913
552828658747187201
499394946416529409
536844922088091648
580332380436709377
553588012752568321
581307361857392642
524979179235069952
576641067317096448
525039876366798849
552802117908697088
500320286341099523
529700937053773824
580337327677026304
544302851158470657
553153731471364096
544484515742482432
576435578691956736
544451181754744832
553213361350262784
553479401296625664
552850599168196608
552845267289247744
580330690807394304
553215305917665280
552826238407294977
529695299200360448
536828314783346688
524961408740380672
521310417696858112
553529796601585664
524953391634866176
544432946841538560
580319458004193280
552837268160135169
544382740750024704
580347464907153408
499601812005998592
500275363558064128
535482306585042944
552833197084778496
524935906596499456
553157384714342400
552996335319007233
500264892134207493
553588494661337089
524953569762766848
524976486902951936
500074069354905600
581460720900050945
544506628239028224
525055273816555520
580321350750990336
544422134127525888
498498431271190528
553171841913602048
544285712653500419
499611069565112320
544449632131375104
499636076852420608
499345010190348288
553174607604482048
553471987411324929
499622667142844416
544436666661085184
499369948943495168
544355987608444929
576509905596727296
553538058440941568
500176071476936704
553590880352088064
553145422097969152
500292426154528770
499478732315566080
498286281894682624
544338622422335489
553145603665186816
524957974226550784
552837655105658880
553126044375732224
498316826988642304
544384839906906113
525063393309630464
524967376719466496
500335761615355906
524932792925569024
544421207115051008
552837484221300736
552837310707171328
499696948296028160
553157857215262721
525024066152169473
552808487924011008
529736110667468800
553161401733496832
580331000573476865
499542449753051136
524983366261936130
499595283504701440
576452724281102336
552983003308515328
553542516772175873
500431179925823489
524958743000125440
544440724192628736
500427786159681536
580331527675998208
552836695754678273
553480292498153472
499525020708634625
500310319844298752
581064144394285056
500072137374171136
544409519380758528
544282015487787008
553585596959318016
544459333983948800
544391063742332928
553476288103477249
536843350281060353
536825223526756352
524944537618485248
544323086841954304
553146691344695297
552807027781947393
553229626756329472
552848590373392384
544336537870434304
500375440285237248
552826443965927425
552845136414380032
500314823117115393
544327278469988352
499654272342953984
524945585539776512
544321311250468865
525020733622464512
529654388269535232
580356429615337472
552827606715076608
552832291601674240
580329153553141760
553159409476837376
580365755750871041
581302297579425793
544521141335764992
544301589931241472
524956129017995264
500306837103968257
544274585697280000
553556984273072128
499650640314777601
552799640488517632
524970444156571648
529627936622931968
524996383120818176
525009850104037376
544321103875694593
553513403512532992
524971386838978560
580326762673901568
581246782765719552
524980579956449281
524943114885427203
553225809444749313
529637505981624320
524945197705461763
553503909692841984
553582011324329984
552830668607348736
524932327907270656
576853097445752832
499706065769201666
544492053900836864
553476600985948160
553543144172969984
553215383256432640
525040252948189186
580325458870460416
498474263255330818
524924619812511746
544461947882586112
499702462865874944
529763954231607297
552978385572732928
576319832800555008
524950395110842369
553143905039159297
544359670480379905
499704667195322368
576513091287945216
580357700791468032
544378769952505856
544272701108797440
552819936343883776
529749273211330562
529723362894176256
576824525339402240
552807236339507200
544374569016885248
553546551709409280
580351367719591936
552783667052167168
499453886474637312
498289596463980544
524999488067633152
544282877278814208
524951419175309312
580325486477357056
524995776578330624
544292129972170752
524964989975937024
525071376084791297
524957105296404480
552823949311369216
553480287045554176
581132461960249344
552791034447794176
576836049151868928
500263561298710528
544472530921480192
581300992194572288
580323815261016064
544511915158810624
553588946039746560
524947674164760577
535425236871544832
552848653980033025
553163862707818496
552835288725061635
553540580912156672
552820331204055041
552830684021424128
529660296080916480
552956517197303810
535524640031256576
553558982476828674
580323165068509184
553181500104269824
553180005514366976
552849316021551105
544288968624578560
553224764924243969
580354367796166656
544427938372792321
544317438079139841
500299227969646592
553538559609942017
552812098057936896
498474035668586497
525015193425031168
544395613043818496
552817101057318913
500186504279625728
553589121776898048
544439077756755969
525001708318240768
500285938824908801
525002243100401664
544314020539289600
552795773180858368
500327106824245249
544520802339917824
544268732046913536
580387098039046145
552851772658561028
544296373466562560
498492636630896640
553584683892871168
580322026029654018
498298040881782785
499363975377993729
525033357722550272
524930594950479873
524959090125320193
500364705622671360
576847727918739457
544329092100005888
524929014621032451
525008613392515073
499581876668227584
500413956230365185
524938009834450945
552832817089236992
553537740588220416
553204986474422273
553147368913506304
524983599851130880
500296080710705152
544450560460480512
500416861016580096
544284577318318080
544294890343915520
552851421155299328
552793759210307584
500347920210989057
544293069957259264
500197999205965824
553559793940447234
544307161589772290
553591317478264832
553202028575731713
552797170295144449
553149163181838336
552827819521085441
580332410853789696
544278913883447298
576842966964117504
553220369721483266
500305514447003649
524937968138878976
580350403734310912
499692099005325312
524941504796962816
544323127522906112
553214939838836736
553472437644320769
580320161082830848
552792253601947648
544281235271745537
553110751238701058
552814983797821440
500326267640905728
529710975730323457
500289307257868288
553563750230683650
544515174376701952
536845753394536448
553222048924049408
544341369762742272
524925124303396864
524934142958788608
552823186966855680
552983615747796994
552833393734721537
524950404283772930
552805450350362625
529655766509445122
524942952733220865
500277625773121536
553140613051215873
498253149707464704
544291804057960448
544268186292867072
552801829290270720
552837610897694720
499362441697193985
577269239779893248
500376174095511552
544381029537312769
544517264054423552
553492417023057920
553534768537939968
525071809226346496
500378522398244865
552826992509599744
524968185016360960
576796432730071040
499439571520991232
552836392678465537
553555593034596352
499699803576881152
500225210667122690
553549680538578944
500283291493494784
529628988683976704
553131797379551232
524972277406773248
580330591826128896
524926643325132800
553473704060284928
524938146119966720
552849157694947328
580332109782466561
544520949748752384
544274934835707905
552821069036670976
552799317602615297
553200552142983168
576320540983582720
525040545870385153
524947604690702336
544302821450207233
499361965035491329
524974518960652290
498269697453084672
552788945017516032
553501357156876290
553127632947396609
580335409202348032
544443377643954176
580321156508577792
552810287695659009
544391471458451456
536223820131360769
552788555584765952
580331913052852224
553526191399776257
552823940440403968
552812572731527168
529671725865111552
544271069146656768
499571347375136768
500284699760427009
525047079325155329
524983403775799297
529731160025612288
580340024736116736
500378522788315137
552786818853113857
553151980928262144
553135886859534336
544345465311879170
576191681827057664
553145755079569408
529730384989544449
500189389855916032
524994747883323392
499706791396392960
500296158476906496
553099050409807872
544445364322197504
552832721945628672
552846625467817984
544459726948286464
552844593046097920
553152395371630592
552798654495354880
500354853680340993
544287796719288321
580320267777511425
524951893467234304
500359088757555200
552818300041052160
553152515701612544
580339793122447361
553141935482093568
553228537084116993
580329111064686592
581062604988162048
552799100715167744
544518841020473345
544396078125039617
544287425380360193
553590751888961536
500183912384319489
525023057526947840
580328463585841153
580338392782757888
524959778125385728
552982613288157184
552806462125506560
500283314230419456
576407819353780224
529757088881573889
498274948772024321
544513557912879105
524953604717686784
553228535511650305
544393504768925697
529540733020405760
524969415318982657
499490314718310400
524975642379816960
544512867144192000
580327058158551041
553553112456499200
552983966932688897
500280847912955904
524988712367955970
580350587289604097
500246996163129344
552829395690201088
553128325217275905
524961721744900097
553566870750908418
552796625467621376
500283013541163008
499691429359517696
544427753785659393
499366977497214976
553491540535156736
544520654431981568
529641857513308160
524964166936068097
544458083129229312
553157600225677312
544340943965409281
580882417117958144
553187959835725824
552807582113730560
552806624046641153
576777317474652160
544317709396496384
553570203678683136
498254540870017025
553175336926449664
544266241511133186
553105121526427649
544447757860483072
544387967037763584
544280765111218176
524936365427806208
500309381930844160
553476471470432256
580345253179342848
576600087066869760
544308031446872065
580326370640818176
500384777514799104
498302603034640384
553503184174710784
524958238316298240
544316904861478912
553486601146617856
553509181446443008
552808669646036992
529648547864399872
524929893759737856
544317301064208384
499519439206092800
524923480173981696
552842342143905794
552842236883652609
581288928646340608
552847959864274944
576349360767807488
529674474019651584
500221671245377537
552820575752974336
552812775907422209
524956383318650880
544454229960974336
524965775036387329
500363097698086912
521359863884967936
544393889113600000
553232137931849728
500387844758994946
525019752507658240
524959027516932096
525012689568161792
524988027425554432
553548487225532416
553194557316542465
544433739539812353
529726566646177794
500368204376850432
499432557906104320
544410907204259840
553200085132009475
500324234821124096
524977812852461568
529729911926583296
544518044643770368
552818309050421250
524942946765131776
524987432656453632
524970966842376192
500288971197263873
553542208214036480
552835794646212608
524940716733370374
553586781355278336
553200769671761920
552827553493565441
498300897051807744
499701576395919360
544423869981802496
552808785329549313
536825223061180416
544336736948473856
552786016906383360
544346359948910592
499690351875981313
581287562947395584
553209843939831809
529729927835557888
529733930199814144
544508479675711489
529689679411810304
524939378552864768
552807874192482305
500332933098385408
581302544116379648
544494312206000128
544334612718055424
552816288935202817
553106714682462209
576892395930955776
553485866346483713
500316260081889282
498483485133516800
498294815579467777
498267673789472768
576362213134454785
500251503903662082
544420963429797889
524930671220105216
553586538928676864
499427218171248641
500279160795721728
552815682241691648
544308793623207936
553163722378977282
552984527295873024
553153190859141120
499565555645685760
553214726629781505
552846287314640897
499705042178691072
525023642007371776
552825512708808704
524947149134774272
500292806175236096
544308156625481728
553172769819852800
580337292838981633
553117423906590720
552820384039706624
552798010196107264
544403913076924417
524934300459077632
499700838127120386
498483279943962625
553589295525941248
552839270395035649
552798310889566209
524977285133524993
500361647144574976
524974106308251648
552814770542628865
500257166478282752
499588291335692288
499472596853743618
544329431998038016
553197212726218752
544512108885725184
544372545219489792
544519694401941504
524955557686284288
498530293116968960
581253085508534272
544280923923959808
553581209193050112
553475269873643520
553518053838061568
552792988376915969
525002842021445632
553212338728603648
544434192478519297
553111157738057728
524955871689052160
553233728030650368
553545386082979841
500347114975944705
524928223499784192
544491410439667713
529778109290012673
499363612260315136
580339547269144576
524932056560963584
544445607717261314
544395562666037248
553480333954678784
525020620636307456
524946609453678593
500394061887709184
500315532382707712
544288856263360512
544519024156360704
500311153583853570
544461661055098881
498294775649665024
552818368487911425
553215362058440704
536842041586876416
500382853147164672
553555432577708032
525058825909731328
529757077200449536
544404937380093952
524955385480753153
552789127792717826
499606278910398464
500309193526882306
544407157077467136
500186818374270976
580342917291708416
580329796527366144
553233414145310720
544415816851021824
544354175900196864
524974566830247936
544382249178001408
576321889276207105
553219651594125312
553157114156560385
525012561214058496
552837499937378305
552845191003250688
499697498072420352
544310691600302080
581063730319925248
553586421626568704
580320745974288384
524961070465945600
580332876081811456
580339825649291264
552807783385800705
553542245966958592
553508524320653312
552791182670327808
524954028287877121
553132819237462016
552831420197261314
544510219401703425
552787144373460992
524980775741956097
536824745459998720
529721745486659584
553578348111085568
552808071387701248
499698357397237762
500360095738626049
524982699220803586
500314545345552384
498280126254428160
524966565788520448
536809338766364672
524985687704338432
553098796108750848
553536269972942849
552788396733906944
552821991850668032
544373676842311681
544321631976296449
553590881371320323
536848134681690112
544341406094213121
500328049058279424
498477164380299264
498530904139378688
552804301316579330
553187990953295872
553575803733426176
544391323214573568
499361679197884416
524957647653863424
544520434767503361
525061787860103169
544392718601183232
529674135098900481
498609222020780033
553532980896231424
552824383816073216
576687226979004416
498281886603411456
500292202845982720
552841583251701761
580883100533690368
499402444267212800
553484530804613120
553586523338440704
544278202743402496
553220054184382465
553547270264979456
552823198484819969
580362323283615745
524928297986433024
553227220765130752
580330660537192448
553535227214438400
553196035133440000
544492372088717312
553478289474740224
553522808417157120
552847505763737600
553493222052605952
553471193110421504
552812623658762240
499531968229683200
544420376424353792
524980166289002496
544280077778055168
544309283048144897
552787361437057024
498305851828879368
552981889619722241
498303921430204416
500363126294863876
552849797892542464
499575076468305923
553547629963911170
544377502563459072
500072155166814209
500250188221779968
552810359409897472
544483913830531073
553536358950916096
552978376424964097
580364576560177154
544410895602839552
553554032745525249
553533607126388737
499699435551866880
524962199543230464
524983395026497536
536828694107803651
553588374280601600
553554585634496512
552814766369284097
553461741917863936
544462918465503233
544270745744846848
576238790936662017
553540739058376704
553583059761897473
536787694169632768
544272537341812736
552795585095671808
552849585899462659
553474965278691330
544282355989753857
544285508441231361
544307589245587457
524980744658382848
544438499642847232
581305416795103232
499563566786433024
525058976376193024
544384467809230848
536835327584141312
544468178961592321
553583847850663936
499438052688023552
544393165101613056
553529941938425857
536696108823896065
535960367055118337
544494408515608576
544516381031792642
552829904396775425
553214576956043264
524957554829717504
498560433021026304
553499806883381249
581293286268129280
544409869990633473
580884605097664512
544319274072817664
552824162969210880
553096978788515840
536844329000906752
544400809182523392
529724254183780355
576513463738109954
581061914001821696
544398512931086336
524980219749597185
576485427315535872
524931752725585921
552837814946394112
553484619426062336
500265950667870209
536836729190105089
499600140580044800
500369693203378176
529716453792956416
499345604297121792
552790695036321793
536812027571109888
552838559393013760
576813256905486336
524955251464736768
499705746377150464
525047767325220865
553470140042735616
535828163402543104
553163210715844608
552816932643405824
544293753130082305
553481335948709888
524936592159698944
552981694979248128
552847427410341890
544316500002484226
500357314722156544
544521433473634304
544364507342979072
544284483453595648
580329886532968448
544477097016578048
524972166006464512
552978225010184193
553558513210105856
553164303650799616
544298121379852289
544286537299787777
524947368865964033
524924660480487424
498265095559184384
544518337498058753
544289880805605376
544334554631536640
552991544731774976
581273151612575746
576475228928385024
552831624283693056
544406665223999488
544458445764968448
499673142114013186
553588760060125185
525048987649576960
524971124845985792
544292146342531072
499405449951584256
499695682476060673
553500238246608896
500319233558192128
499412007573942272
544351832483450880
544288009747566592
553503846258196480
524944178586091520
553537322218553344
499463629251837952
553098785132670976
553555156391186432
553148926459920386
553481076916883456
544421245698056194
553115236992290816
529541962639355904
552814974511628289
553476490315431937
580332532694122497
500070108099002368
500336373833170945
498248648699150336
553159810179661826
544274364288364544
580348081100734464
581066887200694272
553174536028303360
524941529928839168
552808138127446016
553128548526227456
500368969854103552
524954161054756864
553492305521672192
552796895513681920
535270217689993216
499530401136668672
581274406804025344
535438499432771584
552811533303296001
552816933851394048
524958516822671360
499689757652566016
498477676219600896
552839103214288896
552822465047437314
552980288394231809
499444395800682497
544439832466817024
544374563539140608
544326782334558208
580336348764065793
580321327845765120
553207216774590464
499389815268573187
535556368552714240
577298811460128768
553151691512492033
500335355904540674
553472488462901248
499706350759206912
536825996985790465
544349773676179456
498507434693246977
524958173245870080
544340812448804864
580322349569994752
525044166519451648
499705810076053504
552821050145513472
544319450569134081
553213326277500929
524955243185176576
581260171688718336
552836204283326465
552831230735962113
553231516290269184
524991452527722496
552817151112142848
544277817987330049
552829386773516290
553539373707186176
525046232209956865
552831524002103297
544279776765431809
580371845997682688
524989654995849216
529645279159779329
544512398628241408
544419788739461121
544520121436213248
498317308771987456
552985339011153920
552804408233193473
499488337338843137
580319078155468800
552795056080691200
529725420162539520
552818922798727168
524967231902318592
553209232712294401
553178273895956480
498357910603575296
580330560331091968
576821792834232320
553489393202499584
580325799078793216
544307871853592576
552810166744547328
576866204360581120
500426667446513666
553592081483321346
524951696376487936
580319968484421633
552840964025626624
498285405142540289
580322782392762368
525045145079533568
544328894812549121
524931324763992064
552791159232540673
552815712432316417
553506946054369280
525056022046851074
524979668282519552
581063957684850688
524930293921107969
580323877429112832
544519298015039489
499700824432717824
553560769246539776
580318020192571392
524933657493250048
553590427216248832
498274934553317376
500389488217309184
553196263064498176
544337761600557056
553171989385728000
552844893148938240
544510827433558016
544267656597995521
544273220128739329
524945170777645059
552841043423805440
553136845589319680
553542628097019904
553187683510812672
580343941825953792
524937330923417600
576528880208637952
552836854085459968
553538483474534400
552825473160736768
553558108866637824
552803839490150400
500398504075071488
552835339325558785
581262528107384832
553478014785187840
500420356621213696
552808135006887937
553485654030446592
500176354185187328
544328059482939392
580327418084364288
499700279412281345
544450710926934017
553474514496278528
553230256992423936
544452087468150784
580697361799876608
553174713061892097
553591411602640896
524959809402331137
553137946740932608
499592320900431872
544418204508893184
553153073481535489
552821810224304128
580324933525467136
498590686065606657
524925223226081282
544376073685712896
552847627319259137
500286058664579072
553542565593878528
544313592477384704
544434475807936512
544521948924248066
553548440563908611
524998881676107776
499706211093471232
524954661703680000
499583424114728961
544290780991725568
553512735192141826
553102901619748864
552817759684665345
552840740007866368
580353449721655296
529728664137904128
552978184413921281
544313370892324864
524944146025312256
553104503520890880
529735608676413441
544483003758419969
580350000074457088
552800223496790018
524947036228317184
525022663102963712
524947030616313856
544369229987078145
524954313337364480
553163190138580992
524976857822011394
498602841335169024
524958383468978176
525030696738652160
580342519516512256
544428082749132800
544372222400671744
553147120942084096
580320856561209344
544508725420380160
552828474814398464
524939818347028480
544499449645768706
544492614838673408
552832232197746688
553578250186665984
544396608704901120
553168792017457154
553234456522522624
544302938374426624
580885624883904512
544357264333615104
499564237552115712
553186515359379457
525039242771464193
553586510260629505
500177556768034816
553548404102414337
577302850318938113
536830979714056192
544289941996326912
498287947301814274
552798016646942721
544293783702364162
500411055315910656
552838440103198720
500430445830365184
524937421180653568
524976980799000578
552839975843016706
553233130275221504
536666052277448704
552827029692104706
580699430690656256
544400775775289344
544465934149513216
529679905483915264
524965701535412224
544387886611570688
552978225094078464
529723807591038977
524940452383170560
499583349267382273
544337689676636161
552828811344359425
498486826269548545
536824260615237632
580321372703985664
553235360722214912
525034687245582337
500270780832174080
500280249629036544
544520690490417152
553186670871597056
553531971457265664
580330362070540288
576389113319944193
544391533240516608
553592195786506240
580347068457308160
544520932405284864
524944610985263104
524938162900967424
544444189078208512
529726211241803776
576812336952000512
580330986220687360
544396260740845568
553116149333114880
524960814944747520
499589336816308227
544275138712469504
500363602943942657
552834623944671232
553553724548059137
500399997113098240
499501246907432960
524935816603107328
499360784666071040
553163344577064960
552785695845396480
544292798887784449
524970097711267841
544404072179060736
524957429889777665
498349598197702656
500359983301939200
544462330105712640
500292684192686080
553589657695715328
576181101577703424
524947870735429632
500318336719134720
500360094924931073
529716182438653952
529734565599121410
552812140479148032
544473507594113024
552830862585503746
553538456207777792
529692613780439040
552846905819291649
553561169923829760
577311956048154625
544492843499540480
524945814796644352
499696744155062272
553562446456422402
499704658139435008
529702197916090370
580319651399385088
553479315711864832
544442448965947392
498499836900278272
580323946899214336
553538304332017665
544409400941625344
544290995462889472
536514538850750464
553551435762503681
553539504146231298
553193480319942656
498508707244683264
553589606307090432
544444539092488192
552849194944167936
529687410611728384
552837147305455616
553215929107382275
553198107278987264
500360684253638656
544516240572940289
552831974784905216
544515665319976960
544274544174071809
544511676088066048
544346261365600257
544519635916169218
498463733447163905
525028955049320448
544471218951581696
576833924736892928
498310006169538561
580343473607438336
553116528074575872
553587013409325058
500355259341242370
499347831954870274
529676682622664704
524949339131904000
544427255439425536
553547836517007360
544519358090084354
500404132394459136
553165231275663361
552820930419109888
500284377490665472
498277678706077696
529654321873715200
525030165190303744
524957978806743040
552848701312737280
552822873773993984
500429525558505473
544334939374641152
498497395198799872
499388398529175552
500366171716067328
544389911630340096
580320242020290560
576781604821053440
524926472432410625
536830361817595905
553590721207615488
553556643456507904
552844643097120768
553185716218650624
544384825332101120
552840728116994049
524957773810135040
553117857609809920
553144889811402752
524964129745174528
553511977478537216
553497835371757568
552832996676730881
552844436460560384
544395804190855168
552834481183539201
500289088285863936
544502782267752449
544437798426509312
553105493255000065
500328451929559041
576807652145160192
499701669437784064
499365436816105473
544416939867529216
500409565473943553
500396175753633792
500254671337193474
525026973459165184
553155430055440384
552839167575883776
580348878370828288
529713467184676864
553174789561389056
498512590260023296
524930851747164160
500369097360953345
552812984343330816
500165620835840000
553575302392455169
553199320053592067
500302577557573632
529749285198655488
524949028728221698
500361847070269441
580347361039413248
552786299875520512
500383514567925760
552797148975464448
576412144759136256
553586860334010368
498264107460870144
500258409988763649
580318938996740096
552850533523136513
544336408144781313
552838203078873089
553488054640340992
500234112054341632
500247508195749888
500396427378298880
553126517187047424
544299273664593920
524943615437848576
544426163964096513
553545384069328896
500072098178813954
576448454005813248
552831101312303104
498524570593140736
553123958602862593
553137557601812480
544455530756841474
553188974811185152
525044262648676353
544403564077260800
544428008258297856
552802531672588288
553183420499894272
552786361758265344
529731513613836288
500296988077076480
544391946513305600
544285819108741120
553224082213601280
544519788752818176
524943638812299265
552821282447040513
544360851646709760
499360762167848960
524942353355005952
498311895716470784
524951314556796929
524979548195024898
544515781367582720
498271531386953728
524951711941922818
544329896529760256
500278045597368320
544363757493702656
498488195047096320
524950117192044544
552791332935434242
544373839548145664
544338731210399744
500286460210462720
552831761957523456
544412767240085504
553149880693456896
552812399997489152
544338698750664704
499687274326786049
525041399344168961
552984798671945728
524972443308683264
500392971636719618
544296672608534528
498297336968515584
500354773133299713
553126072905383936
552810138114195456
553542282100871168
580331706860871680
500279189405433858
553205115830951936
544515671347200001
576723588952276992
524938857180303360
553474188259102720
552805830677258240
500257318219837440
552817783910961152
499579650926858240
524949069945634816
576848770136174594
553110780745629696
544380441210277888
500339512082698240
544369501857263616
544509140911919104
544379143136497664
553155988917075968
552823108537954306
576402376073965568
552807904597008385
499662307560263680
544410079043551232
500365059390836736
544512465099587584
553587329626292224
544376532161298432
525031610136014848
544343410849886209
535966185477931010
552788007603142656
552839518974660608
544518859290464256
525066628359127041
553585504093224962
544406288231174144
498483031842500608
500280658665537537
498292602861400064
581303832895885312
553497508970631168
553190655011205120
500212911856295940
529689763230797824
500328758201815041
552809042687819776
499366152049803264
499615655906533376
544487556700598272
544519284740079616
499553426133753857
544516164333080577
524962072262881280
529715547538485248
544380433014591488
500306187624407040
553122359398260736
553106869615472640
553572754746638337
553574345235103746
544519166582337536
499642704687816706
500352655827279874
553532980871053312
544355924224532481
552816497740251136
525016728091500545
536847243631149056
544477048048082945
544466920880492544
552834445301256192
524941132237910016
525021083892994049
553197181151481857
499701423135678464
552818685526933505
553465105028222976
544459137674125312
498482619232055296
500359223557890048
498264393185239040
580317998147325952
544511773223968768
553139515171557376
552980299769200640
553535829017370625
498544167757570049
553139573019406336
500320316602974210
576429318701760512
524958498770395137
524928863714168832
553107939926736896
524934381828603904
524958992330522624
553221319345844225
499705599454883840
552985973445783552
544296463027961856
553186577850335232
580323456996282369
544288302254137345
529659390664908801
529637341645008896
498286202077085696
500393530960121857
553164381673259008
581357303405813760
544521260840267776
553105208008773632
552805488631758849
553539631149756416
524949003834634240
552829046485434368
500358526804316160
580333728762896384
544466608450580481
553113536625664000
498529979672842241
544354657385316352
544277860555710464
553107921081749504
544351486956670976
544298346345947136
553587225901154304
544512676643500033
544379489263042561
529714770422022146
580330369603366913
544326597055369216
544497137221136384
544309113694740480
544434195469045761
552816883012239360
500180740127342592
536833104280055808
544381860214603776
529722630363181056
500287479015292928
524935769614331904
580327576218046464
524926698165633024
580357920984051712
544284859628523521
576816930272776192
544470843997564928
499699006298419200
536439239118831617
553184390260338688
544379366474403840
524951279760867328
544511112654618624
553135106609922049
525048410831736832
552816600995614721
552830781656428544
580336766663540736
544469470568148992
498476761538371584
499690835059814400
553584173420920833
552837190360006657
544474153646956547
525069752566575104
544269997745242112
553570914143854592
544518445870497793
500298091627823104
500273257262886912
580882302621843456
552822696195932161
